0.927541,0.373721,0,3.21123,0.74433,0,17,1.26729,0,8.5,0.162512,0,7,-0.413386,0,6,-0.407818,0,8.33333,-1.5708,0,12.3333,0.0275531,0,21,3.11404,0,11.3333,0,0,0,0,0,0,0,0,0,0,0,0,0,0,0,0,0,0,0,0,0
-0.990782,0.135469,0,2.90155,-1.23259,0,9.5,-0.202322,0,7.5,-0.463648,0,9,-0.643501,0,15.5,0.217076,0,22,-1.05703,0,15.5,-0.944046,0,9.5,-0.279007,0,10,-1.34484,0,6.5,1.17601,0,5,-0.909754,0,7,0.0730392,0,10,0,0,0,0,0,0,0,0,0
0,1,0,1.10843,0.244978,0,6,-0.489957,0,5,0,0,5.83333,-0,0,6.83333,-0.00544823,0,10.5,1.90798,0,5.33333,0.376909,0,7,-0.339293,0,10,-0.381679,0,11,-1.37574,0,18,0,0,0,0,0,0,0,0,0,0,0,0,0,0,0
0.375152,0.926963,0,3.57374,-0.27001,0,19,0.111713,0,28.5,0,0,0,0,0,0,0,0,0,0,0,0,0,0,0,0,0,0,0,0,0,0,0,0,0,0,0,0,0,0,0,0,0,0,0,0,0,0,0
-0.894427,0.447214,0,2.90083,-1.01649,0,7,-0.173801,0,10,-0.0820077,0,9.66667,-0.462481,0,10.1667,0.46248,0,11,1.64921,0,8.5,0.537112,0,6,0.285066,0,6.5,0.0499593,0,7,0.785398,0,6.5,1.49402,0,6,0.429762,0,5,-0.0312379,0,6.66667,0,0,0,0,0,0
-0.955779,0.294086,0,2.06147,0.192833,0,8.33333,-1.48091,0,12.3333,-0.444861,0,10.5,0.33628,0,7,1.40369,0,11,0.751793,0,22.5,-0.251314,0,8.5,0.0359562,0,3,1.20146,0,10,0.169778,0,17,1.88935,0,11,0.151236,0,7.83333,0,0,0,0,0,0,0,0,0
-0.271138,0.96254,0,3.48991,-0.349435,0,20,0.196558,0,36,0,0,0,0,0,0,0,0,0,0,0,0,0,0,0,0,0,0,0,0,0,0,0,0,0,0,0,0,0,0,0,0,0,0,0,0,0,0,0
0.993249,-0.116,0,4.96731,0.438012,0,14.5,0.425205,0,12,1.0764,0,13.3333,-0.655266,0,15.3333,-0.242864,0,13.5,1.16623,0,16,1.15703,0,31.5,-0.302039,0,10.8333,0.333798,0,10.5,0,0,0,0,0,0,0,0,0,0,0,0,0,0,0,0,0,0
-0.0851596,0.996367,0,2.49175,-0.085262,0,12,0.0634073,0,15,0,0,0,0,0,0,0,0,0,0,0,0,0,0,0,0,0,0,0,0,0,0,0,0,0,0,0,0,0,0,0,0,0,0,0,0,0,0,0
0.529999,0.847998,0,2.34765,0.571932,0,8.83333,-1.60947,0,9.33333,1.28459,0,9,-0.349496,0,10,0.17853,0,18,1.42951,0,7.66667,-1.37867,0,12.3333,2.54863,0,6.33333,0.151224,0,9,0,0,0,0,0,0,0,0,0,0,0,0,0,0,0,0,0,0
0.920582,-0.39055,0,3.16228,0.566378,0,11.5,0.575834,0,11.5,0.423324,0,8,1.06833,0,22,-0.882677,0,36,1.30522,0,29.5,0,0,0,0,0,0,0,0,0,0,0,0,0,0,0,0,0,0,0,0,0,0,0,0,0,0,0
0.948683,-0.316228,0,3.44329,0.86217,0,7,0.795961,0,5,0.899825,0,6,-1.01097,0,5,-0.980262,0,3,1.20146,0,8.5,-1.12585,0,21,0,0,0,0,0,0,0,0,0,0,0,0,0,0,0,0,0,0,0,0,0,0,0,0
0.242536,-0.970143,0,3.94506,1.32582,0,12.5,0.281939,0,16,1.1636,0,21.5,1.12875,0,23.5,-0.227939,0,20,-1.36833,0,17.5,1.86776,0,15.5,0.335534,0,24,0,0,0,0,0,0,0,0,0,0,0,0,0,0,0,0,0,0,0,0,0
-0.563818,-0.825899,0,3.63545,0.759764,0,17.5,0.670059,0,6,1.08601,0,10,0.294919,0,9.5,-0.0207078,0,5,1.04121,0,6.5,1.44169,0,8,1.25453,0,7.5,-0.533774,0,7,1.21506,0,10.5,0,0,0,0,0,0,0,0,0,0,0,0,0,0,0
-0.0975714,0.995229,0,2.10737,-0.342705,0,13,0.378508,0,22.5,0,0,0,0,0,0,0,0,0,0,0,0,0,0,0,0,0,0,0,0,0,0,0,0,0,0,0,0,0,0,0,0,0,0,0,0,0,0,0
0.570991,0.820956,0,2.74362,-0.0384962,0,20,0.857301,0,16.5,1.49523,0,11,0.32812,0,5,-0.303734,0,6,0.583842,0,7.5,0,0,13.5,0,0,0,0,0,0,0,0,0,0,0,0,0,0,0,0,0,0,0,0,0,0,0,0
-0.974391,-0.22486,0,1.47653,-0.189779,0,6.83333,-1.80284,0,10.8333,0.61846,0,13,1.14736,0,10.5,0.733801,0,12,0.133864,0,9,-1.52474,0,8.16667,0.863399,0,7,0.367982,0,9,2.15059,0,11,1.2738,0,10.1667,0,0,0,0,0,0,0,0,0,0,0,0
0.680451,0.732794,0,2.45914,0.875091,0,11.25,-0.929471,0,12.75,0.240473,0,14,2.23275,0,9,0.0422275,0,8.5,0.918577,0,13,0.970015,0,12.25,-1.39916,0,9.75,-0.0110755,0,8.5,0.865042,0,9,1.60372,0,10,0,0,0,0,0,0,0,0,0,0,0,0
0.99535,0.0963242,0,1.9756,-0.881872,0,5,-0.876058,0,5,-1.01649,0,4,0.112728,0,4.5,-0.847322,0,6,-0.836202,0,6.5,-0.661043,0,7,0.0447448,0,4.5,-1.41815,0,5.5,0.927295,0,13.5,0,0,0,0,0,0,0,0,0,0,0,0,0,0,0
0.561269,0.827634,0,2.47994,0.439316,0,10.6667,-0.628796,0,4.66667,-0.463648,0,6,1.60782,0,8,1.21203,0,6,0.348771,0,4,0.873254,0,6,0.385791,0,8,1.21203,0,6.66667,0,0,0,0,0,0,0,0,0,0,0,0,0,0,0,0,0,0
-0.352139,0.935948,0,2.88642,-0.0077896,0,17.8333,-0.602725,0,17.8333,0.199433,0,16.5,1.7515,0,20.8333,-0.0595711,0,21,-1.22192,0,37.5,0,0,0,0,0,0,0,0,0,0,0,0,0,0,0,0,0,0,0,0,0,0,0,0,0,0,0
-0.929352,0.369195,0,4.35003,-1.2249,0,12.5,-0.320743,0,10.5,-0.339651,0,13,-0.622204,0,22,0.0938461,0,31,-1.67704,0,17.5,-0.243552,0,4,-0.222082,0,6.5,-0.563317,0,9,-0.361204,0,7.5,-0.179216,0,11.5,0,0,0,0,0,0,0,0,0,0,0,0
0.514496,0.857493,0,1.87793,0.412096,0,6.33333,-0.713856,0,9.33333,0.362375,0,12,0.556576,0,8.5,1.61838,0,5,1.32209,0,4,-1.24905,0,4,0.85895,0,5,0.269472,0,4.5,0.489957,0,4,0.967047,0,5.33333,0,0,0,0,0,0,0,0,0,0,0,0
0.418144,0.908381,0,3.56452,-0.16195,0,19,0.0335583,0,30,0,0,0,0,0,0,0,0,0,0,0,0,0,0,0,0,0,0,0,0,0,0,0,0,0,0,0,0,0,0,0,0,0,0,0,0,0,0,0
0.952659,0.30404,0,2.86849,-0.179228,0,8.66667,-0.134856,0,12.6667,1.51521,0,6.16667,-0.0441411,0,5.5,0.104877,0,6,0.569313,0,9,-1.19713,0,10.5,0.667505,0,13.5,1.91847,0,8.5,-0.222215,0,7.5,0,0,0,0,0,0,0,0,0,0,0,0,0,0,0
-0.986558,-0.163409,0,3.96118,-1.27129,0,22.5,-1.35055,0,14,0.163921,0,12,-0.397541,0,10,0.237258,0,15,1.52414,0,20,0.801227,0,17.5,0.378284,0,22.5,0,0,0,0,0,0,0,0,0,0,0,0,0,0,0,0,0,0,0,0,0
0.225998,0.974128,0,1.92103,-0.0645955,0,10,0.241062,0,7.5,-0.22341,0,7.5,2.0431,0,6.5,-0.288056,0,3,-1.01649,0,5,-0.463648,0,10.5,0,0,0,0,0,0,0,0,0,0,0,0,0,0,0,0,0,0,0,0,0,0,0,0
0.970334,-0.241769,0,3.9266,0.608597,0,14.5,-0.305652,0,9.5,0.760385,0,11,1.2391,0,29.5,-0.940104,0,51,1.80247,0,33.5,0.309209,0,19.5,0,0,0,0,0,0,0,0,0,0,0,0,0,0,0,0,0,0,0,0,0,0,0,0
-0.998793,0.049121,0,3.26747,-0.175356,0,21.5,-1.6469,0,20,-0.680394,0,10.5,0.117685,0,13.5,0.783824,0,26,1.44631,0,25.5,-0.356334,0,18,0.6448,0,31.5,0,0,0,0,0,0,0,0,0,0,0,0,0,0,0,0,0,0,0,0,0
0.608819,0.793309,0,2.38302,-0.0633612,0,10,-0.1742,0,10,0.50783,0,12,1.92076,0,12,0.369663,0,15,0,0,0,0,0,0,0,0,0,0,0,0,0,0,0,0,0,0,0,0,0,0,0,0,0,0,0,0,0,0
0.707107,-0.707107,0,2.96323,0.88632,0,8.5,0.79873,0,9,0.868541,0,9.5,0.829567,0,10,0.317034,0,9.66667,-1.51837,0,7.16667,-0.407363,0,13.5,2.17443,0,33,-0.0723102,0,9.66667,0,0,0,0,0,0,0,0,0,0,0,0,0,0,0,0,0,0
-0.999614,0.027767,0,1.72024,-1.59957,0,10.5,1.92584,0,15,1.52962,0,13.5,-0.679796,0,12.6667,-0.656515,0,14.6667,0.619769,0,16,2.05129,0,14.5,1.07806,0,13,0.564937,0,13.1667,-1.55871,0,9.5,0.662885,0,6.5,0,0,0,0,0,0,0,0,0,0,0,0
0.923077,0.384615,0,2.98556,-1.96559,0,8.5,-0.893088,0,8,-0.324718,0,6,-0.35299,0,6,-1.10715,0,8,-0.463648,0,6,0,0,9.5,-0.483588,0,22.5,0,0,0,0,0,0,0,0,0,0,0,0,0,0,0,0,0,0,0,0,0
0.6388,0.769373,0,3.90409,-0.0287142,0,10,0.522317,0,8,-0.57097,0,18,1.66219,0,16.5,1.02447,0,5.5,-0.345555,0,4.5,1.22524,0,5,0.506319,0,5,1.18323,0,7.5,0,0,0,0,0,0,0,0,0,0,0,0,0,0,0,0,0,0
0.422767,0.906239,0,2.06274,-0.489935,0,11,0.619385,0,15,0.0933077,0,15,1.05213,0,18,0.971714,0,16.5,0.922867,0,18,0.0125822,0,23,0.438254,0,22,1.42391,0,20,0,0,0,0,0,0,0,0,0,0,0,0,0,0,0,0,0,0
0.986262,0.165187,0,3.32266,0.031449,0,8.5,1.07796,0,6,0.648431,0,5.5,0.564959,0,5.83333,-1.45464,0,9.83333,-0.800103,0,19.5,-2.4336,0,4.83333,-0.239743,0,4.5,0,0,0,0,0,0,0,0,0,0,0,0,0,0,0,0,0,0,0,0,0
-0.667163,0.744912,0,9.65587,-0.983098,0,35,-0.405593,0,24,0,0,0,0,0,0,0,0,0,0,0,0,0,0,0,0,0,0,0,0,0,0,0,0,0,0,0,0,0,0,0,0,0,0,0,0,0,0,0
-0.161731,0.986835,0,4.62719,-0.362243,0,13,-0.776784,0,12.5,0.149357,0,23.5,-1.21085,0,26,-1.0953,0,13.5,-0.240397,0,10,-0.668654,0,9,0.223116,0,9.5,-0.884155,0,22.5,0,0,0,0,0,0,0,0,0,0,0,0,0,0,0,0,0,0
0,1,0,1.04894,-0.0344697,0,6.75,-1.50186,0,7.75,0.1842,0,12,1.15473,0,6.25,0.0554996,0,5,-0.149561,0,5,1.5405,0,10,0.380506,0,22.5,0.223799,0,8.25,-0.0638862,0,13.5,0,0,0,0,0,0,0,0,0,0,0,0,0,0,0
-0.403364,-0.915039,0,3.99287,0.415191,0,17,0.832981,0,10,1.12559,0,10,-0.190375,0,7.5,1.02463,0,5,0.40427,0,9,1.825,0,10,0.900527,0,7,0.431873,0,8.5,0,0,0,0,0,0,0,0,0,0,0,0,0,0,0,0,0,0
0.116841,0.993151,0,2.27568,0.181536,0,15,-0.244281,0,21,0,0,0,0,0,0,0,0,0,0,0,0,0,0,0,0,0,0,0,0,0,0,0,0,0,0,0,0,0,0,0,0,0,0,0,0,0,0,0
-0.104685,-0.994505,0,2.22046,-0.397212,0,6.83333,-1.77115,0,12.3333,1.37616,0,16,1.32371,0,10.6667,-0.748378,0,11.1667,0.501604,0,17,1.77145,0,13,0.971621,0,9,0.483876,0,8.83333,-0.915078,0,8.66667,2.26412,0,7,0,0,0,0,0,0,0,0,0,0,0,0
0.184876,0.982762,0,2.1711,-0.277702,0,10.5,0.544551,0,5,1.83545,0,7,-0.047057,0,13.5,0,0,0,0,0,0,0,0,0,0,0,0,0,0,0,0,0,0,0,0,0,0,0,0,0,0,0,0,0,0,0,0,0
0.469428,0.882971,0,2.54781,0.297458,0,12,-0.160632,0,9.5,0.102158,0,9,1.79029,0,8,0.61092,0,6.5,0.526392,0,6,0.906022,0,7,0.978477,0,9,0,0,0,0,0,0,0,0,0,0,0,0,0,0,0,0,0,0,0,0,0
0.818192,0.574946,0,1.56178,-0.415142,0,6,0.963274,0,7,0.655106,0,7.5,1.08897,0,7,-0.120815,0,6,-1.45367,0,4.5,-1.13287,0,3,1.176,0,3,-1.17601,0,3,1.28274,0,3,1.08715,0,7,0.501265,0,16.5,0,0,0,0,0,0,0,0,0
0.47904,0.877793,0,2.80718,0.394683,0,11.5,-0.140101,0,6.5,0.0475812,0,9,1.71269,0,8,0.394792,0,7,0.446105,0,6.5,0.283794,0,6,0.595081,0,7.5,1.76878,0,9,0.328792,0,6,-0.548942,0,3.5,0,0,0,0,0,0,0,0,0,0,0,0
0.259129,0.965843,0,7.8977,1.16814,0,7.33333,-0.94237,0,3.33333,-1.18568,0,2,0.791333,0,10,1.74216,0,18,0.833637,0,13.5,1.19389,0,9,0.282124,0,6.83333,-1.38554,0,6.83333,0.865228,0,9,1.46969,0,6.5,0.141897,0,7,0,0,4.66667,0,0,0,0,0,0
0.992586,0.121541,0,3.28472,0.46616,0,12,0.959379,0,11,1.38351,0,9.5,-0.142292,0,7,-1.21781,0,6,-0.674741,0,9,-0.308053,0,6,-0.343024,0,8.5,-0.161837,0,19.5,0,0,0,0,0,0,0,0,0,0,0,0,0,0,0,0,0,0
0.872143,-0.489251,0,2.18004,0.606182,0,6.5,1.20168,0,6,0.338594,0,6,0.180552,0,7,0.113792,0,8,0.409085,0,7,-0.996353,0,6.5,0.672916,0,7,1.39732,0,5.5,0.954294,0,5.5,0.448637,0,7,1.46353,0,6.5,0,0,0,0,0,0,0,0,0
0.981675,-0.190561,0,3.95882,0.562624,0,13,0.243531,0,14,1.19355,0,11.5,0.793196,0,13.5,-1.43906,0,21.6667,-0.812226,0,35.6667,2.5082,0,19.6667,0,0,0,0,0,0,0,0,0,0,0,0,0,0,0,0,0,0,0,0,0,0,0,0
0.920967,-0.38964,0,2.40115,0.505118,0,7,0.358771,0,5,0.404892,0,5,0.380507,0,5,0.321751,0,5.5,0.613207,0,6,0.593611,0,5,-1.4518,0,4.5,-0.0535183,0,5,1.77864,0,6.5,0.335638,0,12,0.197396,0,10,0,0,0,0,0,0,0,0,0
0.982872,0.184289,0,2.70239,0.486899,0,17.5,0.612765,0,26,0.416049,0,25.5,1.41638,0,24,0.296406,0,23,0.578191,0,17,0.197072,0,10.5,0.140534,0,10,0.366997,0,12,0.423468,0,14,0.959057,0,10,0.204018,0,7.5,0,0,0,0,0,0,0,0,0
0.390293,0.920691,0,4.51925,-0.384448,0,14.5,0.430693,0,6,0.324513,0,10.5,1.37235,0,15,0.228636,0,11.5,-0.07486,0,12.5,0.876282,0,25.5,0,0,0,0,0,0,0,0,0,0,0,0,0,0,0,0,0,0,0,0,0,0,0,0
0.428086,0.903738,0,6.9903,-1.00407,0,5,1.20959,0,4,0.122235,0,13,-1.54632,0,13.5,0.232031,0,7.5,1.333,0,15.5,-0.881149,0,13.5,0,0,0,0,0,0,0,0,0,0,0,0,0,0,0,0,0,0,0,0,0,0,0,0
0.275206,0.961385,0,3.74366,0.207699,0,13.8333,-0.882683,0,11.3333,0.244817,0,18,2.29795,0,7.33333,-0.0181785,0,6,-0.643501,0,8,-1.71269,0,8.5,-0.478914,0,13.5,0,0,0,0,0,0,0,0,0,0,0,0,0,0,0,0,0,0,0,0,0
0.237869,0.971297,0,4.98146,-0.514933,0,11,-0.496363,0,8.66667,-1.82205,0,9.66667,-0.608496,0,10,-1.03038,0,12,-2.13199,0,17.1667,0.174723,0,25,1.86926,0,17.5,0.749051,0,10,1.41685,0,9,-0.21351,0,8,0,0,0,0,0,0,0,0,0,0,0,0
-0.998688,0.0512147,0,2.17557,-0.79658,0,9,0.346213,0,13.5,-0.924923,0,17,-0.617176,0,21.5,-0.208392,0,26,-0.929193,0,23.5,-0.481215,0,16,-0.835826,0,11,-0.0489135,0,9,-0.275806,0,7,-0.73024,0,7,0.491504,0,7,-1.16882,0,7.5,0,0,0,0,0,0
0.557556,0.830139,0,2.26072,0.356717,0,13.3333,-0.228925,0,8.83333,0.0206472,0,6.5,1.74913,0,6,0.838975,0,5,-0.483645,0,4.5,0.574115,0,5,0.553031,0,4.5,0.635545,0,5,1.16762,0,6,0.477536,0,8.33333,0,0,0,0,0,0,0,0,0,0,0,0
0.0416304,0.999133,0,4.05051,0.0902154,0,18.5,-0.221434,0,17,0.17286,0,21,1.43796,0,19.5,-0.127345,0,19,-1.30394,0,28.5,0,0,0,0,0,0,0,0,0,0,0,0,0,0,0,0,0,0,0,0,0,0,0,0,0,0,0
0.189486,0.981883,0,3.32039,-0.164067,0,13.5,-0.27078,0,15,0.47925,0,11.5,-1.10281,0,7.5,1.10715,0,10.5,0,0,0,0,0,0,0,0,0,0,0,0,0,0,0,0,0,0,0,0,0,0,0,0,0,0,0,0,0,0
0.104685,0.994505,0,1.98057,0.0142107,0,7.16667,0.19033,0,11.6667,0.178631,0,21,1.5193,0,7.66667,-0.226799,0,9,0.165149,0,12,-0.165149,0,8.5,-0.104877,0,5,-0.74294,0,7.5,-0.84684,0,12.5,-0.484953,0,22.5,0,0,0,0,0,0,0,0,0,0,0,0
0.234641,0.972082,0,1.79905,-1.13655,0,5.5,1.31464,0,4.16667,-1.26706,0,4.66667,-0.32812,0,10,1.58263,0,3.5,-1.30209,0,6.5,0.876058,0,15,1.46259,0,8.66667,-1.52262,0,18,0,0,0,0,0,0,0,0,0,0,0,0,0,0,0,0,0,0
-0.978037,0.208434,0,3.10623,0.926038,0,8,0.261382,0,9,0.377709,0,13.8333,0.0481406,0,15.3333,-0.0822083,0,12,1.23815,0,10.5,0.52977,0,9,0.68761,0,8,0.546453,0,7,-0.160172,0,6.5,0.891645,0,6,1.12376,0,6,-0.0494422,0,12.3333,0,0,0,0,0,0
0.933346,0.358979,0,2.75773,0.739975,0,9.5,-0.511493,0,10.5,1.14374,0,15,0.411443,0,33.5,1.5375,0,35.5,-0.323147,0,19,1.07668,0,19.5,-0.563711,0,20,1.27256,0,14.5,0.621972,0,9,0.510488,0,11,0,0,0,0,0,0,0,0,0,0,0,0
0.252422,0.967617,0,2.34901,0.0269095,0,8.5,-0.34244,0,12,0.211942,0,21,1.8574,0,9.5,0.317142,0,9,-0.013884,0,9,-1.50339,0,7.5,-0.653205,0,11.5,-0.154513,0,25.5,0,0,0,0,0,0,0,0,0,0,0,0,0,0,0,0,0,0
0.955403,-0.295306,0,2.79069,0.390436,0,5.5,1.24329,0,4,0.131971,0,5,0.104877,0,6,0.705111,0,9,-1.90999,0,12,0.188387,0,10.5,-0.409495,0,13.5,0,0,0,0,0,0,0,0,0,0,0,0,0,0,0,0,0,0,0,0,0
-0.650088,-0.759859,0,2.49166,0.350953,0,13.8333,-0.384126,0,8.33333,0.386168,0,6,0.559582,0,7.5,1.18138,0,9,0.321609,0,8,0.21764,0,7.5,0.357141,0,8,0.666554,0,9,1.59804,0,10,0.165149,0,8,-0.101688,0,8.33333,0,0,0,0,0,0,0,0,0
0.349801,0.936824,0,3.16137,0.357359,0,15.5,-0.410127,0,13.5,0,0,0,0,0,0,0,0,0,0,0,0,0,0,0,0,0,0,0,0,0,0,0,0,0,0,0,0,0,0,0,0,0,0,0,0,0,0,0
-0.976575,0.215178,0,2.08184,-1.15653,0,8.5,0.625022,0,5,-0.577439,0,6,-0.442374,0,7,-1.17601,0,5,1.17601,0,7.5,-1.41593,0,12,-0.0623497,0,12,-0.856113,0,12,-0.609806,0,8.5,-0.295441,0,5,-0.811708,0,5,0.110657,0,8.5,0,0,0,0,0,0
0.970143,0.242536,0,3.7037,0.353542,0,15,0.879781,0,15.5,-0.0545841,0,23,0.951713,0,30,1.29985,0,26,0.765509,0,16.5,-0.244096,0,14,0.60038,0,17,1.03181,0,13,0,0,0,0,0,0,0,0,0,0,0,0,0,0,0,0,0,0
0.924017,0.382352,0,2.90875,-0.299584,0,11.1667,0.431163,0,13.5,1.18877,0,12.1667,-0.307046,0,11,0.330298,0,10.8333,-0.205128,0,16.3333,1.65075,0,16.3333,0,0,0,0,0,0,0,0,0,0,0,0,0,0,0,0,0,0,0,0,0,0,0,0
0.549991,0.835171,0,2.08236,-0.988443,0,7,1.32582,0,3.5,-0.540419,0,5,0.0867373,0,8.5,0.236109,0,12,1.82292,0,9,0.565135,0,6,0.108942,0,8.5,-0.152947,0,16.5,0,0,0,0,0,0,0,0,0,0,0,0,0,0,0,0,0,0
0.16924,0.985575,0,2.37916,0.415037,0,11,-0.489957,0,6,0.614885,0,9,0,0,0,0,0,0,0,0,0,0,0,0,0,0,0,0,0,0,0,0,0,0,0,0,0,0,0,0,0,0,0,0,0,0,0,0
-0.436598,-0.899657,0,3.46694,0.224125,0,16,0.587931,0,15.5,1.20267,0,12.5,0.475829,0,8,0.234317,0,6.5,0.602288,0,8.5,1.45017,0,12,1.2299,0,9.5,-0.481586,0,10.5,0,0,0,0,0,0,0,0,0,0,0,0,0,0,0,0,0,0
0.747409,-0.664364,0,2.99167,0.726642,0,8,0.785398,0,7,0.317459,0,7.5,0.493575,0,8,0.473018,0,12.5,0.246134,0,12.8333,-1.08848,0,10.3333,1.45084,0,12,0.550386,0,18,0.441737,0,11.3333,0,0,0,0,0,0,0,0,0,0,0,0,0,0,0
0.994505,0.104685,0,1.11207,0.883566,0,6,-0.331956,0,7,0.450661,0,6,0.585112,0,14.5,0.133931,0,24,1.62573,0,22,0.610377,0,20,0.0173462,0,13,0.169102,0,6,0.741947,0,8,0.814496,0,10,0.325351,0,7.5,0,0,0,0,0,0,0,0,0
-0.983353,-0.181707,0,2.08604,-0.109407,0,11,-0.535528,0,10,-0.538643,0,8.5,-0.915496,0,5.5,-0.604991,0,10.5,0.33734,0,17,0.66579,0,14,1.35926,0,11,0.236384,0,10.5,0.440849,0,15,0,0,0,0,0,0,0,0,0,0,0,0,0,0,0
0.381488,0.924374,0,2.98538,0.0288592,0,19,-0.16553,0,34.5,0,0,0,0,0,0,0,0,0,0,0,0,0,0,0,0,0,0,0,0,0,0,0,0,0,0,0,0,0,0,0,0,0,0,0,0,0,0,0
0.493864,0.869539,0,2.87527,-0.391441,0,11.5,0.463903,0,11,0.0975275,0,15.5,0.260333,0,30,0,0,0,0,0,0,0,0,0,0,0,0,0,0,0,0,0,0,0,0,0,0,0,0,0,0,0,0,0,0,0,0,0
0.585946,0.81035,0,2.59849,0.21154,0,12.5,-0.606436,0,7,0.730432,0,15.5,1.97658,0,20,0.262692,0,24,0,0,0,0,0,0,0,0,0,0,0,0,0,0,0,0,0,0,0,0,0,0,0,0,0,0,0,0,0,0
0.14394,-0.989586,0,2.66945,0.988018,0,9.5,0.455284,0,9,0.336042,0,9,1.04495,0,9,0.302563,0,8.16667,-0.169155,0,8.66667,1.54465,0,6.16667,0.429577,0,6.5,-0.662478,0,8,-1.19553,0,11.5,-1.2903,0,22.5,0,0,0,0,0,0,0,0,0,0,0,0
-0.948683,0.316228,0,3.65528,-1.24905,0,15.5,-0.292056,0,16,-0.70276,0,16,0.369761,0,16,-0.40993,0,12.5,-1.23055,0,9,-1.12104,0,7.5,0.244978,0,6,0,0,9.5,-0.367174,0,13,-0.958644,0,10.5,0.125912,0,11.5,0,0,0,0,0,0,0,0,0
-0.786938,0.617031,0,3.07956,-1.0638,0,9.5,0.317879,0,5,0.185642,0,5.5,0.274694,0,6,0.331952,0,12,1.13116,0,27,-0.745934,0,11,0.233374,0,16.5,0.86217,0,25,2.20344,0,19.5,0.19844,0,14,0.988656,0,14,0,0,0,0,0,0,0,0,0
-0.472576,-0.88129,0,2.75884,0.0285644,0,16,1.23004,0,7.5,0.875715,0,8,0.283398,0,6.33333,-0.21764,0,5.33333,0.287129,0,7,0.568078,0,8,0.663426,0,8.5,1.15265,0,9,1.04931,0,9,0.363203,0,9,0.679751,0,6.83333,0,0,0,0,0,0,0,0,0
0.144688,0.989477,0,3.16879,-0.143777,0,9,-0.159048,0,8,-0.0156213,0,6.5,0.0996698,0,5,0.363979,0,6,1.3734,0,11.5,0.225166,0,24,0,0,0,0,0,0,0,0,0,0,0,0,0,0,0,0,0,0,0,0,0,0,0,0
-0.948683,0.316228,0,0.909018,-1.47584,0,7.5,-0.31362,0,8,-0.144402,0,9.5,-1.90921,0,10.5,-0.825862,0,10,-1.20184,0,7,0.483645,0,5.5,3.0705,0,9,0.337685,0,10,1.09009,0,13,1.37575,0,10.5,0.62025,0,8,1.31532,0,9.5,0,0,0,0,0,0
0.993759,-0.111544,0,2.47692,0.475756,0,7,0.93265,0,6,0.338594,0,7,0.494173,0,8,0.391947,0,8,0.0940386,0,8.33333,-0.989469,0,10.3333,1.28459,0,11.5,0.276004,0,16.5,-0.107658,0,9.33333,0,0,0,0,0,0,0,0,0,0,0,0,0,0,0
0.636881,0.770962,0,2.40811,0.352569,0,11,-0.44752,0,9.5,0.15265,0,11,0.807421,0,10.5,1.25906,0,9.5,0.300237,0,9,0.828382,0,10,-0.206155,0,8.5,1.0122,0,6,0.787399,0,8.5,0.611167,0,9.5,0,0,0,0,0,0,0,0,0,0,0,0
-0.995893,0.0905358,0,1.72356,-0.694738,0,9,-0.62025,0,12,-0.628796,0,9,0.528074,0,15,-1.00682,0,24,-0.75501,0,17.5,-0.810077,0,11,0.0215844,0,9,-0.495783,0,7,-0.33751,0,7,-0.519794,0,8.5,-0.431032,0,10,-0.442374,0,8,0,0,0,0,0,0
0.6,0.8,0,2.28053,0.126469,0,9,-0.362911,0,15.5,0.36209,0,31.5,1.66766,0,8,0.42099,0,6,-0.121143,0,11.5,-1.79716,0,14,-0.464202,0,16.5,0,0,0,0,0,0,0,0,0,0,0,0,0,0,0,0,0,0,0,0,0
-0.767338,-0.641243,0,2.82008,0.764023,0,15.5,-0.228636,0,10,1.02003,0,14.3333,0.472789,0,12.3333,0.880915,0,7.5,0.104019,0,9,0.856994,0,9,1.71693,0,9,0.59541,0,8,0.221893,0,12.8333,0,0,0,0,0,0,0,0,0,0,0,0,0,0,0
0.804176,0.594391,0,0.915583,0.14889,0,3.5,0.000345267,0,3,0.000345267,0,3.5,-0.244978,0,4,0.675671,0,4.5,-0.233297,0,5,-0.362544,0,7,0.35598,0,9,0.522331,0,17.5,1.54985,0,19,0.556835,0,12,-0.463648,0,10.5,0.262995,0,13.5,0,0,0,0,0,0
0,1,0,1.06777,0.244978,0,6.5,-0.608957,0,7.5,0.255037,0,16.5,1.67974,0,4,0.463648,0,6,-0.500668,0,8,-1.57375,0,7.5,0.0399777,0,10.5,0,0,0,0,0,0,0,0,0,0,0,0,0,0,0,0,0,0,0,0,0
-0.597665,-0.801746,0,2.81235,0.156533,0,14.5,0.226189,0,12,0.516117,0,11.5,1.52447,0,11.1667,-0.120133,0,9.16667,0.724846,0,7,0.651077,0,7,0.452474,0,7,1.26034,0,8,0.894306,0,9,0.532672,0,7,0.0470634,0,8.16667,0,0,0,0,0,0,0,0,0
0.821588,0.570082,0,5.79437,0.551122,0,19.8333,-0.419602,0,12.3333,1.33817,0,12,1.41086,0,8,-0.0470545,0,8.5,1.18265,0,13,1.29227,0,12.8333,0,0,0,0,0,0,0,0,0,0,0,0,0,0,0,0,0,0,0,0,0,0,0,0
0.794494,0.607272,0,2.70878,0.345208,0,11.5,0.697321,0,9,-0.124355,0,8.5,0.221727,0,15.5,1.59794,0,24.5,0.836074,0,26,0.0616571,0,17,0.500967,0,8,0.127543,0,13.5,1.22844,0,16.5,0,0,0,0,0,0,0,0,0,0,0,0,0,0,0
-0.0766964,0.997055,0,2.00437,-0.365747,0,8,-0.104475,0,9,0.0241174,0,9,0.0761464,0,9,0.0957914,0,13,1.98686,0,25.5,0,0,0,0,0,0,0,0,0,0,0,0,0,0,0,0,0,0,0,0,0,0,0,0,0,0,0
-0.213697,0.9769,0,6.08595,-1.05625,0,11,0.160115,0,9.75,-2.15644,0,10.25,-0.741002,0,9,-0.795614,0,11.5,-2.84339,0,8.25,-0.109369,0,11,0.946088,0,17,1.44909,0,11.5,0.639217,0,6,0.616205,0,8,1.09156,0,10.75,0,0,0,0,0,0,0,0,0
0.987763,0.155963,0,2.53475,0.628796,0,9.5,0.540419,0,9,0.599684,0,8,0.30099,0,8.16667,-0.910878,0,7.66667,0.576933,0,10,1.50114,0,21,0.0569516,0,15.6667,0,0,0,0,0,0,0,0,0,0,0,0,0,0,0,0,0,0,0,0,0
0.515347,0.856982,0,2.23226,0.299847,0,15.5,-0.019037,0,22.5,0,0,0,0,0,0,0,0,0,0,0,0,0,0,0,0,0,0,0,0,0,0,0,0,0,0,0,0,0,0,0,0,0,0,0,0,0,0,0
0.0338787,0.999426,0,2.0238,0.376041,0,6.5,1.12376,0,5.5,-0.0925188,0,8,-1.05165,0,8,-0.321751,0,6,-0.108661,0,8.5,-0.441725,0,11.5,-0.792843,0,18,0,0,0,0,0,0,0,0,0,0,0,0,0,0,0,0,0,0,0,0,0
0.511075,0.859536,0,3.13316,0.072788,0,11,-0.0918473,0,6,0.355696,0,12.5,1.8586,0,13,0.0490608,0,14,0.173413,0,31.5,0,0,0,0,0,0,0,0,0,0,0,0,0,0,0,0,0,0,0,0,0,0,0,0,0,0,0
-0.242536,0.970143,0,2.46092,-0.489957,0,6.5,0.489957,0,10.5,-0.335639,0,25.5,0,0,0,0,0,0,0,0,0,0,0,0,0,0,0,0,0,0,0,0,0,0,0,0,0,0,0,0,0,0,0,0,0,0,0,0
0.521048,0.853527,0,2.53913,0.123884,0,13,0.424194,0,7.5,1.5708,0,13.5,0.244979,0,27,0,0,0,0,0,0,0,0,0,0,0,0,0,0,0,0,0,0,0,0,0,0,0,0,0,0,0,0,0,0,0,0,0
-0.351123,0.936329,0,2.48184,-0.113792,0,13.5,-0.100301,0,25.5,0,0,0,0,0,0,0,0,0,0,0,0,0,0,0,0,0,0,0,0,0,0,0,0,0,0,0,0,0,0,0,0,0,0,0,0,0,0,0
0.257663,0.966235,0,3.15777,0.0954543,0,15,-0.257383,0,22,-0.0236557,0,18,-0.0375157,0,21,0,0,0,0,0,0,0,0,0,0,0,0,0,0,0,0,0,0,0,0,0,0,0,0,0,0,0,0,0,0,0,0,0
-0.86362,-0.504144,0,4.46821,0.0918603,0,10.5,0.591776,0,8,0.495837,0,9,-0.128446,0,9,0.922406,0,8,0.63977,0,7,0.104877,0,6.5,0.74294,0,7,0.0627121,0,9.5,1.66944,0,12,0.561623,0,9,0.424194,0,8,0,0,0,0,0,0,0,0,0
0.994834,0.101514,0,3.47737,-0.101689,0,10.5,0.104877,0,5,1.10847,0,6,0.00271864,0,6.5,0.776956,0,10.3333,-0.73801,0,14.3333,-0.125484,0,14,1.69781,0,14.5,0.528292,0,22.5,-0.0999288,0,10.8333,0.571598,0,10.5,0,0,0,0,0,0,0,0,0,0,0,0
0.954275,0.29893,0,2.55886,1.04856,0,10,0.313622,0,7,0.138027,0,9,0.421391,0,8.5,0.617927,0,8,0.0535194,0,9.5,0.161837,0,11,0.868539,0,9,0.446843,0,7,0.402982,0,6.5,-0.0644263,0,10.5,0.785398,0,15,0.785398,0,15,0,0,0,0,0,0
-0.984784,-0.173785,0,2.33615,0.0703058,0,10.5,3.09401,0,9,-0.430375,0,8.5,-1.15732,0,9.5,-0.800745,0,6,-0.728465,0,5,0.453928,0,6,1.1909,0,6,1.03312,0,6,-0.11314,0,6.5,0.599684,0,7,0,0,0,0,0,0,0,0,0,0,0,0
-0.186334,0.982487,0,2.68941,-0.107599,0,13.3333,-0.166568,0,8.83333,1.16359,0,7,0.716023,0,6,0.130909,0,5,0.704007,0,7,-0.0616261,0,8.5,0.646732,0,8,1.22796,0,7,0.757565,0,6,1.08476,0,5,-1.18248,0,7.33333,0,0,0,0,0,0,0,0,0
0.977803,-0.209529,0,3.29188,0.640855,0,15.5,-0.0625884,0,12,1.11872,0,9,0.32988,0,5,0.443946,0,10.6667,-1.6522,0,16.1667,1.07039,0,15,1.32178,0,19.5,0.237673,0,36,0.0628793,0,14.6667,-0.131139,0,18,0,0,0,0,0,0,0,0,0,0,0,0
0.029399,0.999568,0,2.12008,0.0938308,0,14,-0.274673,0,21,0,0,0,0,0,0,0,0,0,0,0,0,0,0,0,0,0,0,0,0,0,0,0,0,0,0,0,0,0,0,0,0,0,0,0,0,0,0,0
0.687311,0.726363,0,3.77144,0.152908,0,23.5,0.17501,0,45,0,0,0,0,0,0,0,0,0,0,0,0,0,0,0,0,0,0,0,0,0,0,0,0,0,0,0,0,0,0,0,0,0,0,0,0,0,0,0
-0.970143,0.242536,0,2.9559,-0.43493,0,8,-0.976698,0,14.5,-0.16385,0,21,-0.835063,0,18.5,-0.0632868,0,15.5,-0.557078,0,15,-0.642256,0,15.5,-0.723314,0,16,-0.881589,0,18,-0.262206,0,20,-0.463466,0,14,0,0,0,0,0,0,0,0,0,0,0,0
0.523016,0.852323,0,1.93662,0.11413,0,8.16667,-0.531309,0,7.66667,0.722588,0,10,-0.162277,0,18,1.62976,0,6.16667,0.161314,0,11,-2.01895,0,25.5,0,0,0,0,0,0,0,0,0,0,0,0,0,0,0,0,0,0,0,0,0,0,0,0
0.285805,0.958288,0,2.90586,0.281582,0,12,-0.446039,0,7.5,0.433758,0,7,1.48646,0,9,0.328354,0,11,0.416611,0,9.5,0.163827,0,7,1.04105,0,6,1.05165,0,6.5,0.489957,0,7,0.218669,0,6.5,-0.401229,0,7,0,0,0,0,0,0,0,0,0
-0.972174,-0.234259,0,3.62919,-0.236456,0,13.5,0.244978,0,7,-0.570475,0,14.5,-1.87876,0,16,-0.368542,0,12.5,0.0323203,0,15,0.342478,0,21,1.93621,0,16.5,0.261793,0,10.5,0.221174,0,22.5,0,0,0,0,0,0,0,0,0,0,0,0,0,0,0
-0.684314,0.729187,0,3.02787,-0.753663,0,7,0.291457,0,10,-1.08706,0,16,0.587137,0,11,-0.774329,0,6,-0.678662,0,6,-1.07001,0,6,-0.165148,0,5,1.36835,0,8.5,0.3676,0,7,0.963274,0,8.5,-0.164334,0,10,0.606708,0,7,0,0,0,0,0,0
-0.999422,0.033994,0,3.36331,-0.518059,0,12.5,-1.22067,0,11,-0.364795,0,9.5,0.32175,0,14,-0.742805,0,20,-0.236436,0,32,-1.2181,0,32,-1.02102,0,14.5,-0,0,9,-0.622472,0,10,0.0976755,0,11,-0.328169,0,12.5,0,0,0,0,0,0,0,0,0
0.750513,0.660855,0,6.39267,-0.451833,0,21.3333,-0.209132,0,13.3333,1.64844,0,9.33333,-0.203067,0,8.5,0.555411,0,11,0.341047,0,12.5,0.672197,0,18.5,0.328096,0,34.5,0,0,0,0,0,0,0,0,0,0,0,0,0,0,0,0,0,0,0,0,0
-0.141421,-0.989949,0,2.33517,0.0312417,0,15,-0.545038,0,14,-0.670122,0,10,0,0,9.5,-0.206829,0,13,-0.735993,0,20,-0.675557,0,17.5,-0.402395,0,13.5,-0.352098,0,19,-0.644328,0,19,-0.31038,0,28.5,0,0,0,0,0,0,0,0,0,0,0,0
0.993884,0.110432,0,3.15904,0.218135,0,8.5,-0.762534,0,10.5,0.545425,0,16.5,0.805734,0,10.5,-0.0626864,0,12,0.158434,0,13,0.688035,0,9,0.410017,0,6.5,0.718104,0,12,0,0,0,0,0,0,0,0,0,0,0,0,0,0,0,0,0,0
0.70185,0.712325,0,2.78566,0.157741,0,12.5,0.413925,0,12,-0.410916,0,16,2.06689,0,18.5,0.315384,0,31.5,0,0,0,0,0,0,0,0,0,0,0,0,0,0,0,0,0,0,0,0,0,0,0,0,0,0,0,0,0,0
0.421487,0.906835,0,2.07642,0.478535,0,11,-0.138403,0,21,0,0,0,0,0,0,0,0,0,0,0,0,0,0,0,0,0,0,0,0,0,0,0,0,0,0,0,0,0,0,0,0,0,0,0,0,0,0,0
-0.953964,-0.29992,0,3.01346,-0.360108,0,8,0.362545,0,8,1.61136,0,10,0.0326178,0,9.66667,-1.4623,0,10.1667,0.845227,0,13,1.97279,0,13,0.838918,0,13,1.29048,0,10.1667,-1.96714,0,7,1.10476,0,5,0,0,0,0,0,0,0,0,0,0,0,0
-0.857493,-0.514496,0,3.35796,0.828055,0,14,-0.156449,0,11,0.848728,0,11.5,-0.0142609,0,9.5,0.404654,0,7,0.745186,0,6,0.351499,0,8,1.45543,0,11,0.623672,0,9.5,0.3702,0,7,0.785398,0,9,0,0,0,0,0,0,0,0,0,0,0,0
0.731055,0.682318,0,2.13634,0.74856,0,5,-1.21416,0,6.33333,-0.168517,0,9.33333,1.22613,0,13.8333,-0.539999,0,28.5,1.79237,0,8.33333,-1.59477,0,10.3333,-0.186167,0,12,2.62458,0,11.3333,0,0,0,0,0,0,0,0,0,0,0,0,0,0,0,0,0,0
0.036121,0.999347,0,4.20446,0.0361298,0,22,-0.197395,0,16.5,0,0,0,0,0,0,0,0,0,0,0,0,0,0,0,0,0,0,0,0,0,0,0,0,0,0,0,0,0,0,0,0,0,0,0,0,0,0,0
-0.721682,-0.692225,0,3.13429,0.527929,0,21.8333,-0.00508611,0,24.3333,1.72864,0,22,1.04829,0,11.5,-0.459092,0,2.5,0.758378,0,4,0.697541,0,3.5,1.0117,0,7,0.695877,0,18.8333,0,0,0,0,0,0,0,0,0,0,0,0,0,0,0,0,0,0
0.974391,0.22486,0,2.24025,0.0949521,0,10,0.903131,0,8,1.00443,0,7.5,0.557579,0,8.5,-0.948832,0,10,-1.35821,0,8,1.04221,0,7.5,1.25897,0,10,0.148246,0,16.5,0,0,0,0,0,0,0,0,0,0,0,0,0,0,0,0,0,0
0.688749,0.724999,0,2.49758,0.584652,0,8.33333,-0.86118,0,9.66667,-0.723705,0,8.83333,0.407868,0,10.5,0.865228,0,12.3333,-0.155857,0,21,1.63455,0,15.3333,-1.67563,0,17,0.0565302,0,18,0,0,0,0,0,0,0,0,0,0,0,0,0,0,0,0,0,0
0.904967,0.425482,0,3.35059,0.600575,0,12,0.602035,0,8,0.39234,0,6,0.105666,0,11,-0.617592,0,24,0,0,0,0,0,0,0,0,0,0,0,0,0,0,0,0,0,0,0,0,0,0,0,0,0,0,0,0,0,0
0.412508,0.910954,0,2.4046,0.389821,0,11.5,-0.131199,0,9,1.48569,0,9,0.600461,0,4.5,0.655296,0,4.5,0.623273,0,7,1.55371,0,8,0.311466,0,7,0,0,0,0,0,0,0,0,0,0,0,0,0,0,0,0,0,0,0,0,0
-0.578081,0.815979,0,5.10973,-0.14476,0,27,1.12695,0,10.5,0,0,0,0,0,0,0,0,0,0,0,0,0,0,0,0,0,0,0,0,0,0,0,0,0,0,0,0,0,0,0,0,0,0,0,0,0,0,0
0.989586,-0.14394,0,3.13331,0.144442,0,9,0.244978,0,6,0.306164,0,11.5,0.94679,0,17.5,0.545493,0,16,-1.4566,0,13.5,0.937747,0,13,1.44615,0,14,0.431468,0,22.5,0.145029,0,13,0,0,0,0,0,0,0,0,0,0,0,0,0,0,0
0.96245,0.27146,0,2.04381,0.721581,0,11,1.10007,0,9,0.6184,0,8.16667,-1.4903,0,6.66667,0.101156,0,6,0.502302,0,6,1.18291,0,7,0.448904,0,12,0.0720284,0,11.6667,0,0,0,0,0,0,0,0,0,0,0,0,0,0,0,0,0,0
0.584877,0.811122,0,4.97872,0.385798,0,20.1667,-0.647518,0,12.1667,0.80107,0,15,1.43036,0,15,0.752204,0,10,1.08386,0,8,0.72547,0,10.1667,0,0,0,0,0,0,0,0,0,0,0,0,0,0,0,0,0,0,0,0,0,0,0,0
-0.206011,-0.97855,0,5.12956,1.17131,0,11,0.433317,0,10,0.528377,0,8,-0.249829,0,6,0.883566,0,6,0.716674,0,10,0.701035,0,14,0.433167,0,9.5,-0.7721,0,11.5,-1.61541,0,27,0,0,0,0,0,0,0,0,0,0,0,0,0,0,0
0.478852,0.877896,0,1.69142,0.308162,0,8,-0.82271,0,9,-0.456465,0,15,1.30763,0,10.5,-0.353504,0,19.5,1.93438,0,13.5,-1.76692,0,25.5,0,0,0,0,0,0,0,0,0,0,0,0,0,0,0,0,0,0,0,0,0,0,0,0
0.794358,0.60745,0,2.49279,0.132551,0,7,0.147078,0,6,0.419651,0,5.5,-0.168206,0,6.5,0.675128,0,8,0.313523,0,9,0.621959,0,15,0,0,0,0,0,0,0,0,0,0,0,0,0,0,0,0,0,0,0,0,0,0,0,0
0.622641,0.782508,0,2.94109,0.206437,0,18.1667,-0.185777,0,17.6667,2.07829,0,12.6667,0.5674,0,21,0,0,0,0,0,0,0,0,0,0,0,0,0,0,0,0,0,0,0,0,0,0,0,0,0,0,0,0,0,0,0,0,0
0.294086,0.955779,0,1.83625,-0.165149,0,6.5,-0.958475,0,6,0.109333,0,7.5,1.08599,0,8.5,-0.22654,0,15,1.75577,0,6.5,-0.682181,0,6,0.165149,0,7,-0.762146,0,7.5,-0.331305,0,10.5,0,0,0,0,0,0,0,0,0,0,0,0,0,0,0
0.952796,0.303611,0,2.82392,-0.539086,0,8.33333,0.230606,0,7,0.298499,0,15,0.807164,0,9.33333,-0.11722,0,6,-0.62127,0,8,1.11015,0,10,1.59985,0,13,0.320579,0,24,0,0,0,0,0,0,0,0,0,0,0,0,0,0,0,0,0,0
-0.579207,-0.81518,0,1.30105,-0.800391,0,5.33333,-0.847388,0,5.33333,-0.232556,0,6,-1.89255,0,7.5,-0.185753,0,13.5,-1.56973,0,4.33333,-0.922464,0,7,1.32582,0,10,2.60117,0,6,-1.32582,0,5.5,1.64757,0,9,1.00407,0,6.5,0,0,0,0,0,0,0,0,0
0.0312347,-0.999512,0,1.69691,1.24106,0,5,0.589956,0,5,-0.0693748,0,4.5,0.476578,0,5,0.58068,0,5.5,1.18624,0,8.5,0.0192456,0,16.5,-2.34294,0,6,0.432408,0,8.5,-0.381604,0,19.5,0,0,0,0,0,0,0,0,0,0,0,0,0,0,0
-0.894427,-0.447214,0,2.56767,0.542303,0,10.3333,-0.62999,0,8.33333,-1.94676,0,5,1.5708,0,6,-1.76198,0,10,-1.01028,0,10,-0.509583,0,15,-1.97097,0,9,-0.154319,0,10,2.06814,0,11,0.823657,0,12,1.01817,0,10.3333,0,0,0,0,0,0,0,0,0
-0.938496,-0.34529,0,9.42026,-1.86179,0,28,-0.341004,0,10.5,-0.481416,0,21,0,0,0,0,0,0,0,0,0,0,0,0,0,0,0,0,0,0,0,0,0,0,0,0,0,0,0,0,0,0,0,0,0,0,0,0
0.477772,0.878484,0,2.249,0.38324,0,6.5,-1.17119,0,5,1.03648,0,6,0.249586,0,5,-0.0434508,0,4,0.507099,0,4,0.86217,0,4,0.708626,0,5.5,0.688924,0,10.5,-0.907593,0,5.5,-0.111449,0,10.5,0,0,0,0,0,0,0,0,0,0,0,0
0.990932,-0.134364,0,2.66181,0.0703431,0,8.5,0.740218,0,8,0.140273,0,10,0.666726,0,9,0.846385,0,9.66667,-1.0029,0,14.6667,0.09139,0,16,1.70266,0,17,0.229836,0,27,-0.214932,0,11.1667,0.40163,0,13.5,0,0,0,0,0,0,0,0,0,0,0,0
0.114624,0.993409,0,1.1159,0.181445,0,6.25,-1.33644,0,8.75,-0.0640726,0,15,1.19688,0,6.75,-0.432247,0,6,0.613729,0,7,-0.263084,0,12,1.87747,0,8.5,0.471239,0,9,0.605788,0,10,1.54691,0,11,0.232252,0,9.25,0,0,0,0,0,0,0,0,0
-0.685097,-0.728451,0,5.04929,-0.0894166,0,16.5,-0.924439,0,11.5,-1.16812,0,9.5,-0.449855,0,6,2.16877,0,12,0.896055,0,10.5,-0.256151,0,13,0.332923,0,9.5,0,0,0,0,0,0,0,0,0,0,0,0,0,0,0,0,0,0,0,0,0
0.254493,0.967075,0,4.57348,-0.0882306,0,16,0.283137,0,21,0,0,0,0,0,0,0,0,0,0,0,0,0,0,0,0,0,0,0,0,0,0,0,0,0,0,0,0,0,0,0,0,0,0,0,0,0,0,0
0.551928,0.833892,0,1.64351,0.465246,0,9.83333,-0.728388,0,6.83333,0.436752,0,7,1.40756,0,7.5,0.841564,0,8,0.604878,0,6,0.453681,0,5.5,1.10715,0,7,0.738468,0,6.83333,0,0,0,0,0,0,0,0,0,0,0,0,0,0,0,0,0,0
0.263117,0.964764,0,3.33068,0.0475825,0,15.5,1.50341,0,13,0.659039,0,8.5,0.201318,0,5.5,-0.754159,0,7,-1.4409,0,9.5,-1.14179,0,18,0,0,0,0,0,0,0,0,0,0,0,0,0,0,0,0,0,0,0,0,0,0,0,0
-0.549811,-0.835289,0,3.0953,-0.326811,0,14,0.616387,0,11,0.331504,0,12,1.49712,0,11.5,0.145392,0,8,0.753012,0,6,-0.666274,0,5,1.44226,0,4,0.27865,0,8,1.78928,0,12,0.372056,0,9,0.504426,0,8,0,0,0,0,0,0,0,0,0
-0.83205,0.5547,0,3.09538,-0.887842,0,9,-0.393451,0,8,-0.165149,0,10,-0.674741,0,12,-0.432408,0,8,0,0,7,-0.54042,0,10,-1.19114,0,13.5,-0.624635,0,17,-0.566729,0,11,-0.0767715,0,7.5,0,0,0,0,0,0,0,0,0,0,0,0
0.978234,-0.207504,0,2.87363,0.209023,0,12,0.493941,0,14,1.07685,0,10,0.193358,0,9.33333,-1.07895,0,9.83333,0.640612,0,7,0.19502,0,12.5,1.81497,0,27,0.205454,0,10.8333,-0.359976,0,13.5,0,0,0,0,0,0,0,0,0,0,0,0,0,0,0
0.0756448,0.997135,0,2.08943,0.0757174,0,9,0.156602,0,5.5,1.60117,0,7,-0.339629,0,5,0.0619909,0,3,0.0536407,0,3.16667,-1.46935,0,7.66667,2.93527,0,4.66667,0.32175,0,9,0,0,0,0,0,0,0,0,0,0,0,0,0,0,0,0,0,0
0.987778,0.155866,0,3.215,-0.251049,0,16.3333,0.271535,0,21,0.880407,0,12.3333,-0.851073,0,6,0.702625,0,8.5,-0.392115,0,11,0.943306,0,10,1.47658,0,9,0.204877,0,11.5,0.244978,0,21,0,0,0,0,0,0,0,0,0,0,0,0,0,0,0
-0.707107,-0.707107,0,1.41363,0.0874943,0,6.66667,-0.782233,0,12.6667,-1.78365,0,24,-2.97195,0,7.66667,-0.867718,0,7,0.63153,0,8,1.66887,0,9,1.19781,0,10,1.18851,0,8,0,0,0,0,0,0,0,0,0,0,0,0,0,0,0,0,0,0
-0.955173,-0.296048,0,2.61872,0.0634271,0,11.5,-0.285708,0,13,-0.100995,0,16.5,-1.72666,0,16,-0.777191,0,12,0.37342,0,10,-0.448024,0,8.5,0.120623,0,9,0.379537,0,14.5,1.81204,0,18,0.706393,0,24,0,0,0,0,0,0,0,0,0,0,0,0
0.124035,0.992278,0,2.28064,0.0504155,0,12,-0.234885,0,9.5,1.0565,0,7,0.0377186,0,5.5,0.876058,0,5.5,0.694738,0,7,0.321751,0,8.5,0.850523,0,10,1.47538,0,7,-0.0289993,0,8,0,0,0,0,0,0,0,0,0,0,0,0,0,0,0
0.502136,0.864789,0,0.837332,0.0425524,0,8.16667,-0.340328,0,10.6667,-0.958783,0,7.5,0.61035,0,7.5,0.903279,0,11.5,-0.454578,0,19.5,1.84538,0,12.1667,-1.27765,0,11.5,-0.783501,0,15,0,0,0,0,0,0,0,0,0,0,0,0,0,0,0,0,0,0
0.0103621,0.999946,0,3.24194,0.196076,0,18.1667,-0.458823,0,18.1667,0.301139,0,19.5,1.61334,0,23.1667,-0.0455949,0,23,-1.61069,0,17.5,-0.193238,0,18,0,0,0,0,0,0,0,0,0,0,0,0,0,0,0,0,0,0,0,0,0,0,0,0
-0.626123,-0.779725,0,3.54721,0.800753,0,20.1667,-0.47223,0,20.6667,1.76224,0,15.5,0.267259,0,7,0.35299,0,5,0.54042,0,6,0.625484,0,9,1.28996,0,9,0.70768,0,13.1667,0,0,0,0,0,0,0,0,0,0,0,0,0,0,0,0,0,0
0.345705,0.938343,0,2.2347,0.048989,0,9,-0.266712,0,12,0.230097,0,21,2.19289,0,8,0.00059802,0,8.5,-1.82152,0,12,-0.315306,0,19.5,0,0,0,0,0,0,0,0,0,0,0,0,0,0,0,0,0,0,0,0,0,0,0,0
0.627752,0.778413,0,2.80349,0.340784,0,13,-0.44752,0,7,0.32175,0,6,0.844154,0,8,1.19029,0,10,0.424194,0,8.5,0.156562,0,7,0.587719,0,7,1.20221,0,6,1.24303,0,5,-0.377171,0,4.5,-0.153708,0,6,0,0,0,0,0,0,0,0,0
0.362961,0.931804,0,6.08973,1.56771,0,33.5,0.321951,0,22.5,0,0,0,0,0,0,0,0,0,0,0,0,0,0,0,0,0,0,0,0,0,0,0,0,0,0,0,0,0,0,0,0,0,0,0,0,0,0,0
-0.586058,0.810269,0,3.57956,-0.686921,0,12,-0.527267,0,14.5,0.0519797,0,17,-0.297356,0,27,-1.70156,0,24,-0.572185,0,11,0.0938537,0,8.5,-0.62767,0,9,-0.364153,0,12,-0.707297,0,10,0.0906595,0,10,0,0,0,0,0,0,0,0,0,0,0,0
0.16201,0.986789,0,2.43093,0.106184,0,9.5,-0.336844,0,9,1.16729,0,12,0.796892,0,11.5,0.788366,0,11,0.602091,0,9.5,1.73474,0,8,0.5707,0,6.5,-0.724683,0,5.5,0,0,0,0,0,0,0,0,0,0,0,0,0,0,0,0,0,0
0.996029,0.0890307,0,5.01168,-0.232732,0,10.3333,0.0791554,0,6,0.352681,0,7,0.313522,0,12,1.2242,0,10.8333,-1.41963,0,8,0.0426531,0,13.5,1.13088,0,18,1.37522,0,15.5,0.306391,0,19.5,0,0,0,0,0,0,0,0,0,0,0,0,0,0,0
0.196116,0.980581,0,4.07007,-0.157311,0,10,-0.0436152,0,10,0.239449,0,11.3333,-0.359405,0,17.3333,2.07381,0,18.3333,0.159192,0,36,0,0,0,0,0,0,0,0,0,0,0,0,0,0,0,0,0,0,0,0,0,0,0,0,0,0,0
0.999261,0.0384331,0,3.07408,0.746956,0,7,0.000345267,0,3,0.785398,0,4,1.07899,0,8,-1.59615,0,10.5,-0.78378,0,9.5,-0.018845,0,15,0,0,0,0,0,0,0,0,0,0,0,0,0,0,0,0,0,0,0,0,0,0,0,0
0.0353761,0.999374,0,2.96985,-0.0694925,0,9,-0.140101,0,7,-3.11529,0,15,-0.0263068,0,8.5,0,0,0,0,0,0,0,0,0,0,0,0,0,0,0,0,0,0,0,0,0,0,0,0,0,0,0,0,0,0,0,0,0
0.907959,-0.419058,0,4.49791,0.63473,0,10,1.01377,0,6,0.491772,0,6,0.21764,0,6,0.835584,0,5.66667,-1.56236,0,8.66667,-1.16749,0,13,0.192783,0,21,-3.12064,0,8.66667,0,0,0,0,0,0,0,0,0,0,0,0,0,0,0,0,0,0
-0.426619,0.904432,0,3.02516,-0.582648,0,7.5,0.0906602,0,8,0.180592,0,9.66667,-0.28973,0,14.1667,1.45205,0,11,0.74277,0,4.5,0.643501,0,4,0.528074,0,7,1.70377,0,8,-0.15858,0,8.66667,0,0,0,0,0,0,0,0,0,0,0,0,0,0,0
0.452094,0.89197,0,4.472,-0.0798907,0,24,0.264273,0,43.5,0,0,0,0,0,0,0,0,0,0,0,0,0,0,0,0,0,0,0,0,0,0,0,0,0,0,0,0,0,0,0,0,0,0,0,0,0,0,0
-0.999924,-0.0123448,0,4.12844,1.70035,0,8.5,-0.0370198,0,6.5,1.24064,0,8,0.799582,0,6,-0.221315,0,6,0.355636,0,8,0.345939,0,9,0.306258,0,10,0.053371,0,8.5,0.207839,0,7,1.74636,0,8.5,0.376039,0,15,0,0,0,0,0,0,0,0,0
0.985212,-0.171341,0,3.97867,0.629259,0,14,0.441688,0,9,1.0176,0,6.5,-0.0923671,0,9,-1.26643,0,12,0.952712,0,12,1.41524,0,14,0.353151,0,14,0.090502,0,21,-0.0271718,0,12.5,0.094149,0,16.5,0,0,0,0,0,0,0,0,0,0,0,0
-0.999748,-0.0224662,0,1.99863,-0.11742,0,5,-1.7421,0,6.5,-0.224416,0,9,0.12669,0,7.5,0.363979,0,6,0.137066,0,8.5,0.268233,0,16.5,1.1655,0,8,0,0,0,0,0,0,0,0,0,0,0,0,0,0,0,0,0,0,0,0,0
0.838961,-0.544191,0,3.47193,0.428347,0,12,0.590671,0,13,0.731878,0,12.5,0.5467,0,12,-1.22728,0,13.5,0.725181,0,15,1.82325,0,19,0.207554,0,34.5,0.0784467,0,14,0,0,0,0,0,0,0,0,0,0,0,0,0,0,0,0,0,0
0.68875,-0.724999,0,3.47121,0.978676,0,11.5,0.372777,0,12,0.752077,0,10,0.642278,0,7.5,0.224024,0,5,0.394791,0,5.5,0.124355,0,7,0.185348,0,8,-0.514973,0,11.5,-1.58367,0,13.5,-0.926029,0,18,0,0,0,0,0,0,0,0,0,0,0,0
0.551514,0.834165,0,2.60328,0.584178,0,13.8333,-0.732815,0,10.3333,1.22676,0,10,1.07685,0,11,0.394791,0,12,0.931027,0,9,0.489957,0,6.5,1.24905,0,7,0.360566,0,8.83333,0,0,0,0,0,0,0,0,0,0,0,0,0,0,0,0,0,0
-0.0638231,0.997961,0,3.29391,0.181112,0,16,0.166085,0,13.5,0,0,0,0,0,0,0,0,0,0,0,0,0,0,0,0,0,0,0,0,0,0,0,0,0,0,0,0,0,0,0,0,0,0,0,0,0,0,0
0.672139,0.740425,0,3.27588,0.13787,0,18,0.608525,0,20,1.54884,0,25,0.237696,0,34.5,0,0,0,0,0,0,0,0,0,0,0,0,0,0,0,0,0,0,0,0,0,0,0,0,0,0,0,0,0,0,0,0,0
-0.33282,-0.94299,0,3.56101,0.698063,0,14,0.322876,0,11,0.209241,0,10,0.818549,0,9.5,0.731661,0,8.5,0.795448,0,8,1.0122,0,6.5,0.358771,0,5,0.47421,0,6,0.270718,0,9.5,0,0,0,0,0,0,0,0,0,0,0,0,0,0,0
-0.953177,-0.302413,0,2.30749,-0.196566,0,11,-0.0275163,0,12,-0.263589,0,27,-1.62476,0,28,-0.960741,0,9.5,0.203562,0,13,0.327778,0,21,1.09177,0,20,1.41045,0,13.5,-0.384725,0,12,0,0,0,0,0,0,0,0,0,0,0,0,0,0,0
-0.0370117,0.999315,0,2.69066,-0.701794,0,9.83333,-0.995669,0,6.33333,-1.1951,0,8.5,-0.785398,0,11,-1.07145,0,12,-1.99499,0,11.5,0.881209,0,17,0.948634,0,15.5,1.55126,0,14,1.48131,0,10.3333,0,0,0,0,0,0,0,0,0,0,0,0,0,0,0
-0.979937,-0.199309,0,2.37896,-0.200653,0,11.5,0.165149,0,12,-0.165149,0,10.5,-1.6588,0,9,-0.752889,0,8.5,0.260217,0,15.3333,-0.672406,0,37.3333,2.54801,0,21.3333,0,0,0,0,0,0,0,0,0,0,0,0,0,0,0,0,0,0,0,0,0
0.98854,0.150959,0,3.04103,-0.523248,0,11.1667,-0.238208,0,8.66667,0.609917,0,6,0.244978,0,6,0.108011,0,7,0.962623,0,12,-0.107829,0,8.66667,-0.28049,0,5.5,0.398522,0,5,0.576222,0,13.5,-0.622134,0,33,0,0,0,0,0,0,0,0,0,0,0,0
0.274721,-0.961524,0,3.89276,1.2925,0,7,0.418224,0,8,1.15257,0,6.5,1.10715,0,5,0.207497,0,6.5,-2.10004,0,8,0.588002,0,11,-1.17601,0,21,0,0,0,0,0,0,0,0,0,0,0,0,0,0,0,0,0,0,0,0,0
-0.310021,-0.95073,0,3.90615,0.315215,0,13,0.547562,0,8,0.938332,0,7,0.0849022,0,8,0.509592,0,10,0.463778,0,10.5,0.37081,0,11,0.482768,0,16.5,0.407489,0,33,0,0,0,0,0,0,0,0,0,0,0,0,0,0,0,0,0,0
0.682143,0.731218,0,2.90822,0.034625,0,11,0.492588,0,15,-0.364526,0,21,2.32679,0,14.5,0.0769864,0,8.5,-2.87735,0,13.5,-0.372152,0,9,0.107912,0,9,0,0,0,0,0,0,0,0,0,0,0,0,0,0,0,0,0,0,0,0,0
0.21243,0.977176,0,3.01058,0.454907,0,17.6667,-0.83819,0,21.1667,0.638871,0,22.5,1.63497,0,19.6667,-1.14154,0,15.5,-0.76388,0,28.5,0,0,0,0,0,0,0,0,0,0,0,0,0,0,0,0,0,0,0,0,0,0,0,0,0,0,0
0.660424,0.750893,0,2.73458,0.389829,0,12.3333,-0.265488,0,12.3333,1.80907,0,5.83333,0.358771,0,7,-1.29906,0,9,-1.06367,0,7,-0.425871,0,5,-0.108011,0,7,-0.489957,0,13.5,0,0,0,0,0,0,0,0,0,0,0,0,0,0,0,0,0,0
0.171561,0.985174,0,3.81819,0.0693335,0,17,0.385636,0,11.5,1.15992,0,10.5,0.128323,0,6,0,0,6,0.129982,0,11.5,1.76777,0,25.5,0,0,0,0,0,0,0,0,0,0,0,0,0,0,0,0,0,0,0,0,0,0,0,0
-0.811369,-0.584535,0,2.04813,-0.00730794,0,8.16667,-1.41316,0,6.16667,-0.529667,0,5,-0.244978,0,7,-1.51999,0,13.5,-2.1748,0,8.66667,-0.623607,0,11,0.791646,0,12,1.8234,0,11,1.0423,0,10,0.82452,0,10,0,0,0,0,0,0,0,0,0,0,0,0
0.938229,-0.346014,0,0.970451,0.67507,0,13,1.53855,0,11,0.149758,0,9.83333,-0.263028,0,8.33333,-0.176235,0,10,0.785398,0,12,0.682317,0,12.5,0.519253,0,19.5,-0.096988,0,14.3333,0,0,0,0,0,0,0,0,0,0,0,0,0,0,0,0,0,0
0.944497,0.328521,0,3.03158,-0.560338,0,15.1667,0.396336,0,25.5,0.519301,0,8.66667,-0.337046,0,4,0.345669,0,6.5,-0.103997,0,9,0.888127,0,7.5,1.38464,0,10.5,0.41241,0,22.5,0,0,0,0,0,0,0,0,0,0,0,0,0,0,0,0,0,0
-0.228369,0.973575,0,4.44072,-0.230402,0,20.5,0.129702,0,31.5,0,0,0,0,0,0,0,0,0,0,0,0,0,0,0,0,0,0,0,0,0,0,0,0,0,0,0,0,0,0,0,0,0,0,0,0,0,0,0
0.447214,0.894427,0,3.94003,-0.0343397,0,20,-0.139485,0,34.5,0,0,0,0,0,0,0,0,0,0,0,0,0,0,0,0,0,0,0,0,0,0,0,0,0,0,0,0,0,0,0,0,0,0,0,0,0,0,0
-0.447214,-0.894427,0,1.56735,-0.856706,0,5.66667,-0.31048,0,9.16667,0.671535,0,11,1.27623,0,10.5,-0.81663,0,6.5,0.302308,0,8.5,0.879713,0,14,1.45418,0,12.5,1.01372,0,11,0.895951,0,10.5,-2.03672,0,8,0.511894,0,6,-0.00428465,0,6.66667,0,0,0,0,0,0
0.943943,-0.330107,0,3.66983,0.800065,0,9.5,-0.257324,0,7.5,0.712424,0,10,0.799127,0,8,0.37594,0,9.33333,-1.57768,0,15.3333,0.706564,0,18,1.75813,0,17,0.393942,0,24,-0.106871,0,15.3333,0,0,0,0,0,0,0,0,0,0,0,0,0,0,0
-0.535335,-0.84464,0,4.56237,-0.861503,0,22.5,-1.53647,0,20,-0.43932,0,28.5,0,0,0,0,0,0,0,0,0,0,0,0,0,0,0,0,0,0,0,0,0,0,0,0,0,0,0,0,0,0,0,0,0,0,0,0
0.486107,0.8739,0,3.83511,0.0178609,0,22,-0.0456223,0,25.5,0,0,0,0,0,0,0,0,0,0,0,0,0,0,0,0,0,0,0,0,0,0,0,0,0,0,0,0,0,0,0,0,0,0,0,0,0,0,0
0.822192,0.56921,0,2.76706,0.860374,0,9.5,-0.0194735,0,11.5,0.542579,0,18,1.04769,0,15.5,0.471515,0,13,-0.0904182,0,12.5,0.509179,0,12,0.680521,0,10.5,0.047521,0,9,0.261259,0,10,0.924253,0,11,0.23081,0,8.5,0.211828,0,10,0,0,0,0,0,0
0.83205,-0.5547,0,2.9104,0.951982,0,11.5,0.297064,0,9,1.06636,0,8.16667,-0.774358,0,7.16667,-0.708062,0,7,0.0123431,0,8.5,1.19942,0,10,1.24977,0,14.5,0.442077,0,28.5,-0.26351,0,9.66667,0,0,0,0,0,0,0,0,0,0,0,0,0,0,0
0.232573,0.972579,0,3.16151,0.234723,0,19.5,-0.250882,0,40.5,0,0,0,0,0,0,0,0,0,0,0,0,0,0,0,0,0,0,0,0,0,0,0,0,0,0,0,0,0,0,0,0,0,0,0,0,0,0,0
0.872826,0.488032,0,3.33609,0.518384,0,13,0.472518,0,10,0.356112,0,9.5,0.499347,0,9,0.121842,0,15,0.551725,0,21,1.36088,0,13.5,-0.381863,0,9.5,0.473527,0,13,0.485269,0,11,0.51969,0,9,0.550945,0,8.5,0.244978,0,8,-0.0322483,0,12,0,0,0
-0.894427,0.447214,0,1.30051,-0.321751,0,7.5,-0.830821,0,11,-0.598078,0,8.5,0.290511,0,5.5,-0.677386,0,5,-0.705568,0,7,-0.936048,0,9,-0.224621,0,7.5,-0.410127,0,6,-0.411227,0,6,-0.397244,0,6,-0.597177,0,5,0,0,0,0,0,0,0,0,0
0.11805,0.993008,0,3.6162,-0.381021,0,20,0.375996,0,34.5,0,0,0,0,0,0,0,0,0,0,0,0,0,0,0,0,0,0,0,0,0,0,0,0,0,0,0,0,0,0,0,0,0,0,0,0,0,0,0
-0.0296312,0.999561,0,2.99842,0.31592,0,12,-0.0870999,0,9.5,2.0306,0,22.5,0,0,0,0,0,0,0,0,0,0,0,0,0,0,0,0,0,0,0,0,0,0,0,0,0,0,0,0,0,0,0,0,0,0,0,0
-0.709403,0.704803,0,5.79789,-1.00782,0,17.3333,0.108514,0,10,0.170585,0,12,1.39261,0,11.5,0.892384,0,16.5,-0.576035,0,21,-0.669158,0,11.1667,1.17727,0,7,0.896333,0,9,1.41471,0,11,0.994201,0,13.1667,0,0,0,0,0,0,0,0,0,0,0,0
0.316228,0.948683,0,3.35737,0.796892,0,24.5,0.906042,0,20,0.297419,0,34.5,0,0,0,0,0,0,0,0,0,0,0,0,0,0,0,0,0,0,0,0,0,0,0,0,0,0,0,0,0,0,0,0,0,0,0,0
0.942627,-0.333847,0,3.1617,0.585361,0,11,-0.186223,0,8.5,0.654043,0,9,0.329426,0,9,1.17638,0,18.5,-1.24322,0,19,0.306823,0,16,1.5652,0,18,0.478828,0,21,0,0,0,0,0,0,0,0,0,0,0,0,0,0,0,0,0,0
-0.894427,0.447214,0,1.35999,-0.532844,0,10,-0.76474,0,16,0.0157619,0,16,-0.147078,0,16,-1.41247,0,11,-0.943726,0,6,-0.197396,0,5.5,-0.0475825,0,5,0.0475825,0,5,-0.161374,0,5,-0.468856,0,6,-0.42142,0,7,-0.643501,0,5.5,-0.141897,0,4,0,0,0
0.242536,0.970143,0,2.22518,-0.0767715,0,7,0.000345267,0,12.5,0.291457,0,25.5,1.13744,0,6,0.327245,0,6.5,0.039576,0,11,-1.79279,0,19.5,0,0,0,0,0,0,0,0,0,0,0,0,0,0,0,0,0,0,0,0,0,0,0,0
-0.685365,-0.7282,0,2.31177,0.755104,0,8,-0.345556,0,5,0.724407,0,8.83333,-0.274724,0,13.8333,1.21886,0,15,0.946471,0,9.5,0.086738,0,5,0.321751,0,6,0.708626,0,7.5,1.17444,0,9,0.751425,0,8.5,0.00420036,0,10.3333,0,0,0,0,0,0,0,0,0
0.837611,-0.546268,0,3.57091,0.513475,0,10.5,0.35268,0,8,0.807151,0,9,0.269319,0,10.5,1.23645,0,9,0.483339,0,9.5,-1.72336,0,13,-0.761981,0,13.5,-0.380507,0,21,0,0,0,0,0,0,0,0,0,0,0,0,0,0,0,0,0,0
-0.999889,-0.0149237,0,4.98869,-0.15199,0,11.5,-0.505353,0,12.5,-1.86218,0,12,0.0846587,0,6,-0.235539,0,9,0.285584,0,12,0.554117,0,9,0.244978,0,6,1.20362,0,14,0.315273,0,33,0.511045,0,18,0,0,0,0,0,0,0,0,0,0,0,0
-0.532103,-0.84668,0,4.12551,0.502327,0,21.5,1.02621,0,13,0.707327,0,13.5,0.244789,0,10.5,0.305599,0,8,0.984502,0,9,1.50272,0,7.5,0.643501,0,8.5,0.17697,0,11,0.934245,0,12.5,0,0,0,0,0,0,0,0,0,0,0,0,0,0,0
0.0836067,0.996499,0,3.1501,0.0628736,0,18.8333,0.14248,0,18.3333,1.32236,0,18.3333,1.00169,0,13.5,-0.762816,0,22.5,-1.28006,0,23,-0.968461,0,12,0.302763,0,15,0,0,0,0,0,0,0,0,0,0,0,0,0,0,0,0,0,0,0,0,0
0.547587,0.836749,0,3.0539,0.168413,0,18,0.0949313,0,12,1.93543,0,9,-0.0899006,0,11,0.848689,0,24,0,0,0,0,0,0,0,0,0,0,0,0,0,0,0,0,0,0,0,0,0,0,0,0,0,0,0,0,0,0
0.998688,-0.0512147,0,2.01919,0.216386,0,8.66667,-0.0232568,0,11.6667,1.26375,0,7.66667,-0.298499,0,6,0.218669,0,7.5,-0.29544,0,9,0.00411433,0,11,1.18744,0,13.5,1.28539,0,14.5,0.270678,0,22.5,0,0,0,0,0,0,0,0,0,0,0,0,0,0,0
0,1,0,7.42986,-1.21781,0,9.5,0.584685,0,8.16667,-1.25797,0,11,-1.25877,0,15.3333,-0.830846,0,20,-0.731686,0,17,-2.63992,0,12.3333,1.19598,0,14,1.36833,0,10.5,0.267865,0,8,0.810878,0,9,0.682857,0,10.1667,0,0,0,0,0,0,0,0,0
-0.0149237,0.999889,0,2.2612,0.230054,0,10.6667,-0.489957,0,5.66667,0.0475812,0,8.5,1.39155,0,11,0.950945,0,7.5,-0.574305,0,4.5,1.22524,0,5,0.448637,0,7,1.11208,0,9,0.355636,0,7.16667,0,0,0,0,0,0,0,0,0,0,0,0,0,0,0
0.164399,0.986394,0,2.94617,0.165149,0,11.3333,-0.848605,0,9.83333,0.266952,0,12,1.10867,0,11.5,0.901879,0,8,1.5153,0,5.5,-1.28274,0,3.5,1.33824,0,4,0.346539,0,6,0.76061,0,9.33333,0,0,0,0,0,0,0,0,0,0,0,0,0,0,0
0.998176,-0.0603735,0,2.07878,1.64226,0,9,0.625696,0,9,0.470404,0,7,0.000345267,0,6,-0.0475837,0,7,-1.42674,0,5.5,-1.11296,0,3.5,1.01649,0,4,0.694738,0,5,1.08715,0,6,0.252555,0,10.5,0,0,0,0,0,0,0,0,0,0,0,0
-0.983547,0.180652,0,2.54145,-0.640941,0,12,-0.877561,0,13,-0.225351,0,10,0.11314,0,12.5,-0.564378,0,18,-1.55025,0,15,0.426628,0,15.5,-0.640188,0,19,-0.978327,0,15,-0.530198,0,11,-0.497042,0,8.5,0.107912,0,8.5,0,0,0,0,0,0,0,0,0
0.444094,0.89598,0,1.82567,-0.137806,0,11,-0.0648573,0,13,0.155728,0,9.5,0.357286,0,8.5,1.68887,0,10,0.0317359,0,9,0.244978,0,6.5,0.540419,0,6,0,0,0,0,0,0,0,0,0,0,0,0,0,0,0,0,0,0,0,0,0
0.0544645,0.998516,0,3.03584,0.0544911,0,15,-0.302885,0,20,0.302885,0,13,0,0,9,0,0,0,0,0,0,0,0,0,0,0,0,0,0,0,0,0,0,0,0,0,0,0,0,0,0,0,0,0,0,0,0,0
-0.478852,-0.877896,0,2.8885,0.499347,0,6.5,-0.244978,0,6,0.437679,0,8,0.270947,0,7.5,1.03038,0,5.5,0.540419,0,4,0.909754,0,3.5,-1.24905,0,4,1.32209,0,5,0.124355,0,7,0.174672,0,13.5,0,0,0,0,0,0,0,0,0,0,0,0
-0.704473,0.709731,0,2.4711,-1.6104,0,14.75,0.564919,0,16,0.618785,0,14,1.52348,0,18,-0.307667,0,9.75,0.244978,0,7.5,0.491677,0,9,0.913183,0,12.5,1.85389,0,16,0.529015,0,14.75,0,0,0,0,0,0,0,0,0,0,0,0,0,0,0
0.223113,-0.974793,0,2.94753,-0.588986,0,10,-0.801926,0,6,-0.404892,0,6,-0.244978,0,6.5,-0.737815,0,7,0.155753,0,8.5,-1.06692,0,10,-0.0298243,0,8,1.04773,0,19.5,1.12104,0,11,0.379657,0,9,0.59317,0,7.5,0,0,0,0,0,0,0,0,0
0.925369,-0.379067,0,2.75097,0.34626,0,10.5,0.758593,0,8,0.0693326,0,7.5,0.540419,0,7,0.489957,0,6.5,0.366439,0,12.5,-1.59037,0,17,0.879683,0,14,1.47227,0,13.5,0.445643,0,21,0,0,0,0,0,0,0,0,0,0,0,0,0,0,0
0.955403,-0.295306,0,4.34869,0.733729,0,15.5,1.10237,0,10,0.38746,0,5,0.515549,0,3.5,0,0,3.5,-0.815298,0,13,-1.18781,0,21,-0.167857,0,17,0.059754,0,19.5,0,0,0,0,0,0,0,0,0,0,0,0,0,0,0,0,0,0
0.347314,0.937749,0,2.22968,0.14817,0,8.66667,-0.295767,0,10.6667,0.142755,0,10,0.198784,0,8.5,0.387562,0,10.5,0.92231,0,8.66667,0.176709,0,6.5,0.0475812,0,7,-1.3734,0,7,0,0,10.5,0,0,0,0,0,0,0,0,0,0,0,0,0,0,0
-0.734131,-0.679008,0,2.73704,0.460407,0,13,0.507319,0,11,1.23126,0,8.5,-1.15529,0,7.5,1.70121,0,9,0.435683,0,7,0.0867373,0,5,0.901126,0,7.5,1.79496,0,10,-0.124355,0,9.5,0.668474,0,7.5,0,0,0,0,0,0,0,0,0,0,0,0
0.834465,-0.551062,0,2.21214,0.159441,0,7.5,0.424194,0,6,0.244978,0,5,-0.201528,0,4.5,1.30868,0,5,-0.105538,0,6,0.950468,0,7,0.580556,0,6.5,0.279077,0,7.5,-1.60077,0,9,-1.16505,0,12,-0.0897245,0,22.5,0,0,0,0,0,0,0,0,0
0.259457,0.965755,0,3.67394,0.555372,0,10.1667,-0.492935,0,8.33333,-1.16613,0,11.6667,2.23706,0,6.66667,-0.870903,0,5.5,-1.69515,0,10.5,-2.6406,0,7.66667,0.947802,0,12,0,0,0,0,0,0,0,0,0,0,0,0,0,0,0,0,0,0,0,0,0
-0.884035,-0.467421,0,6.49214,-0.486371,0,19.5,-0.606988,0,9.5,-0.742159,0,13,-0.685297,0,16.5,-0.0616513,0,30,0,0,0,0,0,0,0,0,0,0,0,0,0,0,0,0,0,0,0,0,0,0,0,0,0,0,0,0,0,0
0.278058,-0.960564,0,4.40607,1.13242,0,12,0.40158,0,7,0.223609,0,27,-1.90987,0,18,-0.484442,0,12,-1.09875,0,9,0.127869,0,6.5,-1.66055,0,20,1.11352,0,14.5,0.680711,0,19.5,0,0,0,0,0,0,0,0,0,0,0,0,0,0,0
0.513001,0.858388,0,2.46596,0.0683483,0,15,-0.0307474,0,18,0.289251,0,12,1.55582,0,6,0.437892,0,5,-0.211093,0,4,-0.345555,0,10,1.15878,0,24,0,0,0,0,0,0,0,0,0,0,0,0,0,0,0,0,0,0,0,0,0
0.999736,0.0229825,0,3.30441,0.67464,0,12,0.304805,0,16,1.00713,0,21,1.46344,0,16.5,-0.27487,0,21,-1.68804,0,28,-1.00121,0,22,-0.57537,0,24,0,0,0,0,0,0,0,0,0,0,0,0,0,0,0,0,0,0,0,0,0
-0.999557,0.0297635,0,1.77614,-1.20993,0,11.5,-0.660618,0,13,-0.577086,0,13,-1.85999,0,11.5,-0.499347,0,10,-0.316396,0,10,2.38412,0,13.5,0.317573,0,14,1.45041,0,11,0.929732,0,8,0.0713084,0,9,0.785398,0,10,1.13064,0,11.5,0,0,0,0,0,0
0.970143,0.242536,0,1.33733,0.103792,0,9.5,1.10212,0,15,1.6907,0,8.5,-1.32582,0,6,1.32582,0,10,0.655696,0,8.5,-0.729635,0,7,0.859337,0,6.5,0.702257,0,6,0.32812,0,6,0.169528,0,6,-0.290152,0,6.5,1.20146,0,7,0.244979,0,5.5,0,0,0
0.273254,0.961942,0,3.15842,-0.0752693,0,11,-0.167101,0,7.5,0.274167,0,7,0.244978,0,5,1.5708,0,3,0,0,4,0.463648,0,5,-0.110657,0,5,0.962623,0,5,0.307766,0,6.5,0.990822,0,6.5,0.335889,0,6.5,0,0,0,0,0,0,0,0,0
-0.885979,0.463725,0,3.57406,-0.886279,0,23,-0.0152154,0,54,0,0,0,0,0,0,0,0,0,0,0,0,0,0,0,0,0,0,0,0,0,0,0,0,0,0,0,0,0,0,0,0,0,0,0,0,0,0,0
-0.988659,0.150176,0,2.36159,-0.56871,0,14,-0.76762,0,14,-0.869118,0,11,0.579074,0,13.5,-1.20875,0,19,-0.510431,0,16,-0.484533,0,13,-0.29867,0,12,-0.829766,0,11,-0.922916,0,8.5,0.212645,0,10,0,0,0,0,0,0,0,0,0,0,0,0
0.967997,-0.250962,0,2.47754,0.59923,0,10,0.642164,0,11,1.34369,0,12.8333,-0.373817,0,9.83333,1.07913,0,5,0.264524,0,10.8333,-0.115879,0,10.5,3.08232,0,24,-0.0893745,0,10.5,0,0,0,0,0,0,0,0,0,0,0,0,0,0,0,0,0,0
0,1,0,3.13745,-0.389708,0,22,0.150925,0,54,0,0,0,0,0,0,0,0,0,0,0,0,0,0,0,0,0,0,0,0,0,0,0,0,0,0,0,0,0,0,0,0,0,0,0,0,0,0,0
-0.991061,-0.133412,0,2.32193,-0.140347,0,19,-1.8512,0,14,-0.466808,0,13,0.506065,0,19,0.602668,0,12.5,0.970831,0,10,0.544755,0,21,0,0,0,0,0,0,0,0,0,0,0,0,0,0,0,0,0,0,0,0,0,0,0,0
0.999979,-0.00650546,0,4.76151,-1.47939,0,19,-0.423225,0,14,-0.470353,0,16.6667,-1.42208,0,15.1667,0.978796,0,11,-0.100166,0,9.5,1.17227,0,8,1.47235,0,12.5,0.543239,0,17,0.398825,0,18.1667,0,0,0,0,0,0,0,0,0,0,0,0,0,0,0
0.471652,-0.881785,0,3.2584,1.07963,0,8,0.454302,0,7,0.897824,0,6,0.0767746,0,6,0.785398,0,7,0.365374,0,5.83333,-1.65238,0,5.33333,-0.0813634,0,6,0.815525,0,7.5,1.72512,0,13.5,-0.0124201,0,7.33333,0.103083,0,15,0,0,0,0,0,0,0,0,0
0.661031,-0.750359,0,3.69929,0.919912,0,13,0.203603,0,12,1.13215,0,9.5,-0.299909,0,8,0.754049,0,11.5,-1.14256,0,14.5,0.68142,0,15,1.57468,0,14,0.508805,0,19.5,-0.160217,0,20,0,0,0,0,0,0,0,0,0,0,0,0,0,0,0
-0.514005,-0.857787,0,2.23409,0.195629,0,9.66667,-0.753982,0,8.66667,0.711324,0,8,0.141897,0,6,-0.0102015,0,7,1.74921,0,7,0.425543,0,4,0.655296,0,5,0.32175,0,6,0.572076,0,7.66667,0,0,0,0,0,0,0,0,0,0,0,0,0,0,0
0.447214,0.894427,0,2.44381,0.0835161,0,9.16667,-0.0623382,0,9.16667,-0.46648,0,7,0.804071,0,9,-0.234415,0,16.5,1.73106,0,10.6667,0.0539511,0,11.5,-1.87038,0,19.5,0,0,0,0,0,0,0,0,0,0,0,0,0,0,0,0,0,0,0,0,0
0.428374,0.903601,0,2.58924,0.197714,0,10.5,-0.329326,0,7,0.574305,0,10,1.60304,0,9.5,0.0921082,0,13.5,0,0,0,0,0,0,0,0,0,0,0,0,0,0,0,0,0,0,0,0,0,0,0,0,0,0,0,0,0,0
0.851658,-0.524097,0,2.52474,0.509127,0,11,0.635878,0,9,0.333945,0,7.5,0.548549,0,6,0.963492,0,6,0.509122,0,10.5,-1.96142,0,12,-0.575976,0,11,-0.210666,0,19.5,0,0,0,0,0,0,0,0,0,0,0,0,0,0,0,0,0,0
-0.745721,-0.666259,0,1.62538,0.488625,0,6.5,0.597969,0,6,1.00407,0,3.5,-0.785398,0,5,1.31824,0,9,0.365282,0,6,-0.37898,0,4.5,1.07796,0,6,0.648431,0,5.5,0.677386,0,5,0.167432,0,6.5,0.575013,0,12,0,0,0,0,0,0,0,0,0
-0.79201,-0.610508,0,5.94752,-0.727505,0,19,-0.425619,0,7,-0.913611,0,12.5,-0.653691,0,20,-0.756118,0,15,0.96007,0,15,0,0,0,0,0,0,0,0,0,0,0,0,0,0,0,0,0,0,0,0,0,0,0,0,0,0,0
-0.994743,0.1024,0,2.1031,0.10258,0,10,0.0801852,0,8,-0.543833,0,6.5,-1.19029,0,5,-0.380506,0,6,-0.375271,0,7,-0.191458,0,7.5,0.177513,0,8,0.160417,0,7.5,1.0346,0,6.5,0.764993,0,9,0,0,0,0,0,0,0,0,0,0,0,0
0.634317,0.773073,0,3.59769,0.266003,0,15,-0.216537,0,16,0.335512,0,17,1.99514,0,11.5,-0.367174,0,5,0.107912,0,7.5,0.0830662,0,10,0.780644,0,8,0.90858,0,9,0,0,0,0,0,0,0,0,0,0,0,0,0,0,0,0,0,0
-0.152057,0.988372,0,2.73215,1.13342,0,10.3333,-1.6209,0,7.83333,0.680392,0,5,0.0074373,0,6.5,0.463647,0,8,1.32089,0,5.5,0.0535194,0,4,0.362544,0,5,0.832981,0,6.5,0.44976,0,8,0.523068,0,6.5,0.479519,0,7.83333,0,0,0,0,0,0,0,0,0
0.769758,0.638336,0,4.2022,1.09477,0,14.5,-1.38221,0,9.5,-0.0518993,0,8.5,0.929376,0,11,1.22186,0,16.5,1.39786,0,22,0.985608,0,17.5,-1.21992,0,14,0.595576,0,15,1.75359,0,15.5,0,0,0,0,0,0,0,0,0,0,0,0,0,0,0
0.967617,-0.252422,0,4.39914,0.183875,0,12.5,0.810866,0,13,1.56175,0,19,0.00700817,0,22,-1.01054,0,16,-0.976037,0,8,-0.566729,0,9,0.40158,0,18,0,0,0,0,0,0,0,0,0,0,0,0,0,0,0,0,0,0,0,0,0
0.40099,0.916083,0,2.83153,0.442145,0,12.1667,-0.223507,0,7.33333,-1.53344,0,7.66667,1.78615,0,4.16667,1.42138,0,3,0.463647,0,4,0.167432,0,5,0.566729,0,6,0.837982,0,7,1.1058,0,5.5,0.392279,0,6.66667,0,0,0,0,0,0,0,0,0,0,0,0
-0.993884,0.110432,0,2.11361,0.0239189,0,8.5,-1.59893,0,7,0.072349,0,6.5,0.748726,0,7,0.800171,0,10,0.627118,0,19.5,-0.319431,0,6.5,0.863888,0,5,0.599175,0,6.5,2.08935,0,8,0.528395,0,8,0,0,0,0,0,0,0,0,0,0,0,0
0.385445,0.922731,0,3.15983,0.113136,0,17.5,0.0546965,0,25.5,0,0,0,0,0,0,0,0,0,0,0,0,0,0,0,0,0,0,0,0,0,0,0,0,0,0,0,0,0,0,0,0,0,0,0,0,0,0,0
0.172148,0.985071,0,2.14824,0.17301,0,11,-0.574305,0,6,0,0,0,0,0,0,0,0,0,0,0,0,0,0,0,0,0,0,0,0,0,0,0,0,0,0,0,0,0,0,0,0,0,0,0,0,0,0,0
0.295306,0.955403,0,2.68933,-0.216033,0,10.3333,0.219458,0,12.8333,0.0411708,0,19.5,1.84124,0,9.33333,-0.0519464,0,9.5,-1.85994,0,19.5,0,0,0,0,0,0,0,0,0,0,0,0,0,0,0,0,0,0,0,0,0,0,0,0,0,0,0
0.40794,0.913009,0,3.37036,0.420197,0,12.1667,-1.02041,0,11.1667,0.730145,0,22.5,1.40471,0,5.66667,0.701327,0,4.5,0.119,0,5,-0.572579,0,8.16667,-1.9007,0,9.16667,0.219672,0,10.5,2.04081,0,11.6667,0,0,0,0,0,0,0,0,0,0,0,0,0,0,0
0.778596,-0.627525,0,2.22587,0.314392,0,8,0.203217,0,6,0.499319,0,6.5,0.504471,0,7,0.0291081,0,5,0.789319,0,3,1.13137,0,4.5,0.103792,0,12,-1.61509,0,15.5,-0.96292,0,11.5,-0.114774,0,15,0,0,0,0,0,0,0,0,0,0,0,0
0.593199,0.805056,0,2.73901,1.05325,0,9.5,0.987423,0,7,-0.0798309,0,5.33333,-1.54929,0,12.8333,-0.445566,0,28.5,3.02524,0,8.83333,0.367174,0,16.5,0,0,0,0,0,0,0,0,0,0,0,0,0,0,0,0,0,0,0,0,0,0,0,0
0.447214,0.894427,0,2.66466,0.10909,0,11,-0.231478,0,15.5,0.39887,0,22.5,1.32196,0,11,0.364698,0,6.33333,-1.43896,0,11.3333,2.60826,0,6.33333,-0.976968,0,9,0,0,0,0,0,0,0,0,0,0,0,0,0,0,0,0,0,0,0,0,0
0.0512147,0.998688,0,2.09021,-0.0536396,0,12.5,-0.163703,0,25.5,0,0,0,0,0,0,0,0,0,0,0,0,0,0,0,0,0,0,0,0,0,0,0,0,0,0,0,0,0,0,0,0,0,0,0,0,0,0,0
-0.790601,0.612332,0,4.96589,-1.58584,0,18.25,0.395072,0,16,0.454091,0,18,1.42385,0,30,-0.624213,0,15.25,0.867843,0,10,0.953449,0,13,1.52845,0,16,1.08524,0,18.25,0,0,0,0,0,0,0,0,0,0,0,0,0,0,0,0,0,0
-0.447214,-0.894427,0,3.056,1.15609,0,7.5,0.590097,0,7.5,0.35268,0,6,0.579074,0,9,0.188018,0,12,1.0686,0,10,0.456072,0,8,0.000345267,0,7.5,-0.540419,0,7,-0.244978,0,7.5,-0.257324,0,9,-1.28624,0,15,0,0,0,0,0,0,0,0,0
0.737523,-0.675322,0,2.88726,0.741401,0,11,0.340979,0,10,0.0458947,0,8,0.896639,0,6,0.924038,0,9.5,-1.00779,0,13,-0.541255,0,10.5,0.389218,0,8,0.57565,0,7.5,1.51821,0,7,0,0,10.5,0.383077,0,21,0,0,0,0,0,0,0,0,0
0.442888,0.896577,0,2.07306,0.293668,0,10.5,0.0962924,0,7,0.145629,0,6,1.41725,0,5.5,0.806672,0,5.5,-0.124355,0,8,0.702921,0,10,1.75864,0,7,0.427479,0,4.5,-0.238114,0,6.5,0,0,0,0,0,0,0,0,0,0,0,0,0,0,0
0.967997,-0.250962,0,3.43282,0.253674,0,10.5,0.179853,0,9,-0.0427871,0,9,0.7149,0,9,0.818499,0,7.5,0.14531,0,10,0.493941,0,14,-1.85172,0,10,0.758093,0,6,-0.0227357,0,7.5,1.57617,0,12,0.431699,0,22.5,0,0,0,0,0,0,0,0,0
0.0169467,0.999856,0,2.19059,1.34277,0,8,0.244978,0,6.5,-0.360566,0,9,-0.103082,0,6,-1.07591,0,4,-1.13839,0,5.5,-0.286051,0,6,-0.177596,0,6,-0.507098,0,9,0,0,0,0,0,0,0,0,0,0,0,0,0,0,0,0,0,0
-0.896521,0.443002,0,4.32046,-0.687622,0,21,-0.592741,0,16.5,-0.339345,0,12,-0.0848424,0,11,0.0646242,0,10,-1.19537,0,7,-0.169102,0,10,-0.445421,0,19.5,-0.715127,0,23,-0.627844,0,17,-0.521859,0,11,-0.381269,0,13,0,0,0,0,0,0,0,0,0
0.676625,-0.736328,0,2.27026,0.582648,0,7,0.244978,0,4,0.244978,0,6,0.362823,0,8,0.664496,0,6.5,0.723703,0,5,-0.0722128,0,6.5,0.523067,0,8,0.694738,0,7,0,0,8,-0.626261,0,10,-0.772344,0,14.5,-1.75287,0,28.5,0,0,0,0,0,0
0.272471,0.962164,0,3.36909,-0.00579803,0,12.1667,-0.0854019,0,6.66667,0.955176,0,4,-0.588003,0,4,1.71269,0,4,0.0644282,0,6.5,0.696946,0,9,0.770608,0,7.5,0.940324,0,6,0.658923,0,7.66667,0,0,0,0,0,0,0,0,0,0,0,0,0,0,0
-0.876758,0.480932,0,9.45821,-0.961556,0,64.5,-0.834946,0,16.5,-0.571727,0,19.5,0,0,0,0,0,0,0,0,0,0,0,0,0,0,0,0,0,0,0,0,0,0,0,0,0,0,0,0,0,0,0,0,0,0,0,0
-0.242536,-0.970143,0,2.02483,1.57893,0,6.5,0.108525,0,9,0.702628,0,6.5,-0.483645,0,4,1.24329,0,4,0.0394507,0,4.5,1.06594,0,7.5,0.196563,0,10,-1.55439,0,11.5,-0.993136,0,19.5,0,0,0,0,0,0,0,0,0,0,0,0,0,0,0
-0.196116,0.980581,0,2.90279,-0.197396,0,10,-0.463648,0,12,0.218669,0,8,-1.32582,0,18,-0.0317359,0,10,-1.28081,0,8,-0.503231,0,6,0,0,0,0,0,0,0,0,0,0,0,0,0,0,0,0,0,0,0,0,0,0,0,0
0.345705,0.938343,0,1.92852,0.24889,0,5.66667,-0.681298,0,13.1667,0.540419,0,28.5,1.42517,0,5.66667,0.124355,0,9,-1.56462,0,21,0,0,0,0,0,0,0,0,0,0,0,0,0,0,0,0,0,0,0,0,0,0,0,0,0,0,0
-0.102899,0.994692,0,3.00462,-0.788812,0,8.5,0.425128,0,7,0.123536,0,6.5,-0.326581,0,6,0.218669,0,7,2.92292,0,9,0.218669,0,7,0,0,0,0,0,0,0,0,0,0,0,0,0,0,0,0,0,0,0,0,0,0,0,0
0.960646,-0.277777,0,2.88106,0.670796,0,13.5,0.427127,0,14,0.754352,0,10,0.93577,0,6.33333,-1.05963,0,7.83333,-0.84516,0,10.5,0.949023,0,12,1.40431,0,10,0.579938,0,12,-0.431893,0,9.33333,0,0,0,0,0,0,0,0,0,0,0,0,0,0,0
0.104685,0.994505,0,2.14832,-0.0935639,0,7.25,-1.38405,0,5.75,0.126571,0,7.5,1.23601,0,7.25,0.113179,0,12,1.89745,0,5.25,-0.274406,0,5.5,-2.1278,0,7,0.258506,0,10,0.0696811,0,19.5,0,0,0,0,0,0,0,0,0,0,0,0,0,0,0
0.9534,0.301709,0,3.58763,0.168323,0,16,0.927392,0,12,0.168597,0,8,0,0,8,0.168597,0,12,1.10287,0,16,0.150287,0,15.5,0.931884,0,16,0.530982,0,26,0.166809,0,35,1.58502,0,27,0,0,0,0,0,0,0,0,0,0,0,0
-0.145114,0.989415,0,3.3348,0.342705,0,17.3333,-0.630752,0,36.3333,1.99794,0,13.3333,-0.119582,0,15.5,-0.20404,0,23,-1.34169,0,19.5,-0.178996,0,24,0,0,0,0,0,0,0,0,0,0,0,0,0,0,0,0,0,0,0,0,0,0,0,0
0.714409,-0.699729,0,1.78767,-1.26685,0,9,-0.70573,0,9,0.872292,0,8,1.78465,0,9.5,0.827709,0,11,1.34058,0,10.5,-1.69174,0,9,0.685567,0,10,1.6065,0,10,0.610726,0,15,0,0,0,0,0,0,0,0,0,0,0,0,0,0,0
-0.224041,-0.97458,0,3.21355,0.225959,0,13.5,1.0637,0,12,0.507099,0,11.5,0.62025,0,11,0.486899,0,10.5,0.000345267,0,10,0.399221,0,8.5,0.409982,0,12.5,0.740014,0,27,0,0,0,0,0,0,0,0,0,0,0,0,0,0,0,0,0,0
0.347314,0.937749,0,2.68401,-0.0949143,0,6.33333,-0.55786,0,6.33333,0.762501,0,11,-0.0916958,0,24,1.3284,0,6.33333,0.374197,0,7.33333,-1.42834,0,7.33333,-0.401229,0,9,2.24804,0,12.3333,0,0,0,0,0,0,0,0,0,0,0,0,0,0,0,0,0,0
0.979937,-0.199309,0,2.32307,0.200653,0,9,0.93577,0,8,-0.0810371,0,10,0.849467,0,9,0.651996,0,9,0.445757,0,21,-1.73655,0,26,1.33569,0,18.5,1.00819,0,25.5,0,0,0,0,0,0,0,0,0,0,0,0,0,0,0,0,0,0
-0.597665,-0.801746,0,3.23498,0.379983,0,13,-0.308711,0,6,0.95786,0,15.5,1.25952,0,22.5,-0.211288,0,15.5,0.728498,0,11,1.03053,0,12,1.84135,0,13,0.623125,0,16.5,0,0,0,0,0,0,0,0,0,0,0,0,0,0,0,0,0,0
0.83957,0.543251,0,0.531874,0.422187,0,5.5,0.664965,0,7,0.694738,0,7.25,-1.3562,0,11.75,0.892556,0,16,1.33971,0,11,1.26326,0,6,0.895536,0,6.75,-1.04409,0,7.25,0.0436712,0,7,1.63736,0,5.5,0,0,0,0,0,0,0,0,0,0,0,0
0.515741,0.856744,0,2.51544,-0.109205,0,16.5,0.257689,0,10,1.81048,0,7,0.153707,0,9,0.363393,0,21,0,0,0,0,0,0,0,0,0,0,0,0,0,0,0,0,0,0,0,0,0,0,0,0,0,0,0,0,0,0
-0.910007,-0.414594,0,6.70559,-2.03161,0,21.5,-0.198018,0,17,-0.330583,0,40.5,0,0,0,0,0,0,0,0,0,0,0,0,0,0,0,0,0,0,0,0,0,0,0,0,0,0,0,0,0,0,0,0,0,0,0,0
-0.995175,0.0981159,0,2.51578,-1.29699,0,20.5,-0.701117,0,28,0.10736,0,19.5,-1.20002,0,11,-0.461279,0,14.5,-0.80849,0,16,0.0693988,0,14,-0.782402,0,18,-0.583294,0,22,-0.362926,0,15,0,0,0,0,0,0,0,0,0,0,0,0,0,0,0
0.0797452,0.996815,0,1.60363,0.324809,0,8.66667,-0.344647,0,2.66667,1.39217,0,4,0.2783,0,4,0.367174,0,3.5,-0.169779,0,3.5,1.34216,0,4,1.24905,0,4,0.352991,0,4,0.463648,0,4,-0.463648,0,2.66667,0,0,0,0,0,0,0,0,0,0,0,0
0.508766,0.860905,0,3.84846,-0.0237388,0,20.5,2.16993,0,11,-0.324197,0,9,0.746202,0,7.5,0.697022,0,12,0,0,0,0,0,0,0,0,0,0,0,0,0,0,0,0,0,0,0,0,0,0,0,0,0,0,0,0,0,0
0.940376,-0.340136,0,2.90226,0.59204,0,15.5,0.360566,0,9,0.800103,0,12,1.18609,0,15,0.10197,0,16.5,-2.17156,0,14.5,-0.414459,0,16.5,-2.71395,0,15,0,0,0,0,0,0,0,0,0,0,0,0,0,0,0,0,0,0,0,0,0
0.469128,0.88313,0,3.11351,0.101709,0,20,1.53076,0,10,0.32175,0,5,-2.30046,0,12,-0.841135,0,6.5,0,0,0,0,0,0,0,0,0,0,0,0,0,0,0,0,0,0,0,0,0,0,0,0,0,0,0,0,0,0
-0.551634,0.834086,0,3.51365,-0.727058,0,10,-0.793034,0,6.5,0.708971,0,7,0.226799,0,6.5,1.32582,0,6,0.252102,0,22.5,0.439201,0,46.5,2.87512,0,13.5,-0.179853,0,7.5,-0.244978,0,6,0,0,0,0,0,0,0,0,0,0,0,0,0,0,0
0.347314,0.937749,0,2.8426,-0.35392,0,16,0.388534,0,30,0,0,0,0,0,0,0,0,0,0,0,0,0,0,0,0,0,0,0,0,0,0,0,0,0,0,0,0,0,0,0,0,0,0,0,0,0,0,0
0.0253083,0.99968,0,2.08271,0.025309,0,11.5,-0.207496,0,16.5,0,0,0,0,0,0,0,0,0,0,0,0,0,0,0,0,0,0,0,0,0,0,0,0,0,0,0,0,0,0,0,0,0,0,0,0,0,0,0
-0.599918,-0.800061,0,5.69029,-0.847967,0,18.5,-0.714456,0,8,-0.93577,0,7,0,0,7,-0.643501,0,8,0,0,11.5,0.154859,0,22.5,0,0,0,0,0,0,0,0,0,0,0,0,0,0,0,0,0,0,0,0,0,0,0,0
0.155884,0.987775,0,5.80769,-0.785206,0,22.8333,-0.602048,0,13.5,2.26059,0,22.8333,0.476729,0,7,-1.08867,0,5,-0.969474,0,8,-0.492028,0,16.5,0,0,0,0,0,0,0,0,0,0,0,0,0,0,0,0,0,0,0,0,0,0,0,0
0.316228,0.948683,0,2.8132,0.119989,0,10.6667,-0.374613,0,6.66667,0.223384,0,4,0.202965,0,6,1.11411,0,8,0.719436,0,5,1.33371,0,2.5,-1.35578,0,3,1.23516,0,5.5,0.296216,0,8,1.47611,0,6,-0.337055,0,6.66667,0,0,0,0,0,0,0,0,0
0.423839,0.905738,0,1.84049,0.449726,0,7,-0.640843,0,8,0.462213,0,15,1.56948,0,4,-1.27855,0,4,1.53318,0,6,0.127322,0,10,-1.94293,0,21,0,0,0,0,0,0,0,0,0,0,0,0,0,0,0,0,0,0,0,0,0
0.580769,0.814069,0,2.9437,0.197421,0,20.5,0.0650868,0,43.5,0,0,0,0,0,0,0,0,0,0,0,0,0,0,0,0,0,0,0,0,0,0,0,0,0,0,0,0,0,0,0,0,0,0,0,0,0,0,0
0.999942,0.0107521,0,3.27869,0.985739,0,7,0.201318,0,6,0.787495,0,7,-0.217112,0,7.5,1.34484,0,8,0.0923082,0,7,-1.0645,0,6,-0.57004,0,9,-1.07268,0,18,0,0,0,0,0,0,0,0,0,0,0,0,0,0,0,0,0,0
-0.681876,0.731467,0,3.66675,-1.57825,0,10.5,-0.0420166,0,7,0.66762,0,10.5,-0.024152,0,14,1.65537,0,13,0.373943,0,18,-0.625103,0,11,0.804122,0,8,0.814176,0,8.5,0.261595,0,9,1.62302,0,9.5,0.541328,0,10,0.275806,0,12,0,0,0,0,0,0
0.678666,0.734447,0,1.44741,0.0214459,0,8.66667,-0.962654,0,6.16667,0.69066,0,5,-0.617756,0,5,-1.32995,0,5,0.689107,0,7.5,2.07668,0,6.66667,-0.336041,0,6,-0.85895,0,7.5,1.26852,0,9,2.03444,0,10,0.0935135,0,16.5,0,0,0,0,0,0,0,0,0
0.566529,0.824042,0,2.96895,0.689026,0,11.8333,-0.872136,0,7.83333,0.244978,0,9,0.785398,0,7.5,1.36426,0,6,1.33496,0,5.5,-0.588002,0,5,-0.588003,0,4,1.02463,0,5.5,1.24483,0,8,0.781477,0,7.33333,0,0,0,0,0,0,0,0,0,0,0,0
0.995703,0.0925994,0,4.07919,0.324498,0,12,0.217795,0,8,0.93577,0,7,-0.244978,0,10,0.434967,0,14,0.482844,0,13,1.07356,0,12,1.0405,0,9.5,0.21764,0,12,-0.0722136,0,17,0.635411,0,16.5,0,0,0,0,0,0,0,0,0,0,0,0
0.738486,-0.674269,0,2.97977,0.651968,0,9.5,0.622403,0,9,0.190103,0,9.5,0.246532,0,10,1.00466,0,16.5,-0.846645,0,15.5,-0.343645,0,8,0.817134,0,8,1.28081,0,9.5,0.546982,0,16.5,0,0,0,0,0,0,0,0,0,0,0,0,0,0,0
0.124035,0.992278,0,2.40521,0.219307,0,11.6667,-0.450588,0,8.16667,0.466293,0,7,1.21516,0,6.5,0.32812,0,6,1.3633,0,4.5,-1.24905,0,4.5,0.963274,0,6,0.515004,0,5.5,0.358771,0,5,1.0637,0,6,0.554682,0,7,-0.290135,0,8.16667,0,0,0,0,0,0
-0.902778,-0.430107,0,6.23821,-0.444612,0,18,-0.455451,0,8.5,-0.993964,0,15,-0.523432,0,20,-0.248147,0,31.5,0,0,0,0,0,0,0,0,0,0,0,0,0,0,0,0,0,0,0,0,0,0,0,0,0,0,0,0,0,0
0.294086,0.955779,0,2.55616,0.0717013,0,10,-1.44367,0,6.5,0.0996692,0,9,1.17128,0,8,0.0777645,0,9,1.64757,0,6.5,0.489957,0,9,-0.00613761,0,21,-0.196303,0,8,-0.00680974,0,13.5,0,0,0,0,0,0,0,0,0,0,0,0,0,0,0
-0.582688,0.812696,0,5.67305,-1.41241,0,16.5,0.140504,0,11,0.126592,0,10.5,0.0233667,0,10,1.22485,0,9.5,0.958585,0,10,0.109621,0,16.5,-0.101277,0,23,0.445658,0,36,0,0,0,0,0,0,0,0,0,0,0,0,0,0,0,0,0,0
0.888218,0.459423,0,3.23713,0.586352,0,7.5,-0.939343,0,5.5,1.56779,0,9,0.664046,0,14,0.795924,0,19,1.20556,0,12.5,-0.497261,0,12.5,0.804855,0,19,0.997658,0,16,0,0,0,0,0,0,0,0,0,0,0,0,0,0,0,0,0,0
0.959472,-0.281803,0,4.1113,0.422739,0,10.5,0.326581,0,8,0.486899,0,7.5,-0.165149,0,7,0.785398,0,6.5,0.481664,0,8.33333,-1.20965,0,9.33333,0.153164,0,8,0.702908,0,9.5,1.58368,0,16.5,-0.059514,0,11.3333,0,0,0,0,0,0,0,0,0,0,0,0
0.998949,-0.0458454,0,4.47908,0.85655,0,13.5,0.288075,0,19.5,1.64515,0,25.5,-1.18645,0,16,-1.26601,0,11,-0.0940621,0,21,-3.02141,0,29,0,0,0,0,0,0,0,0,0,0,0,0,0,0,0,0,0,0,0,0,0,0,0,0
0.371391,0.928477,0,3.09114,0.0317359,0,10.6667,-0.104758,0,14.1667,0.088328,0,25.5,2.07544,0,10.6667,-0.555025,0,13.5,-1.75045,0,25.5,0,0,0,0,0,0,0,0,0,0,0,0,0,0,0,0,0,0,0,0,0,0,0,0,0,0,0
0.998274,0.058722,0,2.46292,0.0519016,0,13.5,0.962796,0,13,0.842898,0,8.5,-0.254896,0,3.5,0.742322,0,12,-0.465566,0,21,1.16891,0,14,0.0344697,0,10.5,0,0,0,0,0,0,0,0,0,0,0,0,0,0,0,0,0,0,0,0,0
-0.498635,-0.866812,0,4.51745,-1.09459,0,17.5,-0.519825,0,12,-1.12902,0,16.5,-0.362796,0,34.5,0,0,0,0,0,0,0,0,0,0,0,0,0,0,0,0,0,0,0,0,0,0,0,0,0,0,0,0,0,0,0,0,0
0.868243,-0.496139,0,2.49047,0.519146,0,8,0.358771,0,8,0.937858,0,6.5,0.650657,0,5,0.996911,0,4,-1.17601,0,5,0.963274,0,7,0.165148,0,5.5,-0.803414,0,6,-0.650486,0,8,-0.784202,0,11,-0.38615,0,21,0,0,0,0,0,0,0,0,0
0.992278,0.124035,0,1.48289,0.826192,0,10,0.77351,0,12,0.750229,0,9.66667,-1.8821,0,9.16667,0.367884,0,11,1.90736,0,8.5,0.338594,0,6,-0.0644263,0,12,0.950547,0,18,1.28129,0,11.6667,-1.35369,0,9.66667,0.661851,0,14,1.549,0,11,0.179176,0,6.33333,0,0,0
-0.316228,0.948683,0,2.41836,-0.643501,0,7.5,0.399265,0,11.5,-0.175997,0,15,0.56213,0,9.5,0.758378,0,4,0.284344,0,5.5,0.664477,0,7.5,0.476805,0,8,0.337339,0,10,0.898549,0,12,0.933726,0,9,-0.302272,0,7,0,0,0,0,0,0,0,0,0
0.911768,-0.410706,0,3.00931,0.787207,0,8.5,-0.0109837,0,4,0.754158,0,6,1.10715,0,8,0.494887,0,7.33333,-1.71223,0,10.3333,2.59421,0,10.3333,2.95746,0,16,0,0,0,0,0,0,0,0,0,0,0,0,0,0,0,0,0,0,0,0,0
0.296048,0.955173,0,2.20113,0.245812,0,8.83333,-0.408908,0,9.83333,0.230522,0,16.5,1.72409,0,7.33333,0.0798294,0,9,-1.5708,0,11,-0.233743,0,15,0,0,0,0,0,0,0,0,0,0,0,0,0,0,0,0,0,0,0,0,0,0,0,0
0.569547,0.821959,0,3.93623,-0.182161,0,22.5,0.59028,0,19,1.49241,0,12.5,0.276219,0,5,0.0347676,0,8,1.1502,0,18,0,0,0,0,0,0,0,0,0,0,0,0,0,0,0,0,0,0,0,0,0,0,0,0,0,0,0
0.162447,0.986717,0,1.5302,0.0212673,0,6.66667,-0.840897,0,5.33333,-0.425076,0,7.66667,1.38864,0,7.16667,-0.373112,0,13.5,1.96314,0,4.66667,0,0,3.5,-0.785398,0,3,0.000345267,0,7,-1.14417,0,16.5,0,0,0,0,0,0,0,0,0,0,0,0,0,0,0
-0.25409,0.967181,0,3.24145,-0.664797,0,14.5,0.127354,0,13,0.721288,0,15,1.37425,0,25.5,-0.149747,0,16,-0.621438,0,12,0.879973,0,8,1.00477,0,13.5,1.99089,0,19,0.460666,0,17.5,0,0,0,0,0,0,0,0,0,0,0,0,0,0,0
0.580822,0.814031,0,2.45405,0.352727,0,11.5,0.685235,0,12,-0.132894,0,12.5,1.42939,0,15,0.925506,0,25.5,0,0,0,0,0,0,0,0,0,0,0,0,0,0,0,0,0,0,0,0,0,0,0,0,0,0,0,0,0,0
0.845851,-0.53342,0,9.07549,0.562638,0,16,0.712358,0,15,1.48979,0,12.1667,-1.05554,0,8.16667,-0.791897,0,12,0.976592,0,17,1.62381,0,14,0.36634,0,16.5,-0.257893,0,13.6667,0,0,0,0,0,0,0,0,0,0,0,0,0,0,0,0,0,0
0.163543,0.986536,0,1.91905,-0.249789,0,15.1667,0.488443,0,11.6667,-0.520479,0,6,1.92552,0,11.6667,-0.449041,0,7.5,1.80316,0,16.5,0,0,0,0,0,0,0,0,0,0,0,0,0,0,0,0,0,0,0,0,0,0,0,0,0,0,0
-0.954308,0.298824,0,1.4486,-1.48919,0,10,-0.602743,0,9,-0.282555,0,7.5,-1.8693,0,7.5,-0.601776,0,9,-0.348771,0,10,2.81984,0,6.5,0.222082,0,7,0.0996686,0,8.5,1.22203,0,10,1.22483,0,11,1.03088,0,12,0.686109,0,9,0,0,0,0,0,0
-0.0428177,0.999083,0,2.04299,-0.184728,0,7.16667,-0.211094,0,4.66667,-0.187428,0,9,2.27636,0,4.16667,-0.0602728,0,8,-0.500448,0,11,-1.22437,0,7.5,-0.736257,0,3.5,0.000345267,0,3,0.000345267,0,4,-0.507099,0,7.5,0,0,0,0,0,0,0,0,0,0,0,0
0.389859,0.920874,0,3.30469,-0.445451,0,12,0.664717,0,11,-0.754556,0,12,0.850264,0,19.5,0,0,0,0,0,0,0,0,0,0,0,0,0,0,0,0,0,0,0,0,0,0,0,0,0,0,0,0,0,0,0,0,0
0.890605,-0.454777,0,1.61957,0.576999,0,8,0.619373,0,7,0.382899,0,6,0.0996698,0,5,0.697223,0,5.83333,-0.941046,0,11.3333,0.668334,0,16,1.72635,0,12,0.569313,0,8,0.165149,0,7,1.23346,0,6,0.787811,0,6.33333,0,0,0,0,0,0,0,0,0
-0.514496,0.857493,0,2.97822,-1.04202,0,13.1667,0.221067,0,13,0.602287,0,15,1.126,0,25.5,0.100683,0,14.6667,-0.676632,0,14.5,1.26573,0,13,1.18078,0,12.5,1.55658,0,12,0.569524,0,14,0,0,0,0,0,0,0,0,0,0,0,0,0,0,0
-0.474241,0.880395,0,4.99996,-1.05719,0,19,-1.91398,0,13,-1.3875,0,7,-0.540296,0,13,-2.52625,0,12.5,0.470858,0,15,1.91169,0,19,0.578126,0,14,1.33127,0,16.5,0,0,0,0,0,0,0,0,0,0,0,0,0,0,0,0,0,0
0.572286,0.820054,0,3.53299,1.71151,0,21,0.395533,0,6,-0.0318353,0,5.5,0.00992309,0,5,0.178094,0,7,1.21849,0,13.5,0,0,0,0,0,0,0,0,0,0,0,0,0,0,0,0,0,0,0,0,0,0,0,0,0,0,0
0.0338788,0.999426,0,3.17489,0.0230766,0,13.6667,-0.265518,0,12.6667,0.813016,0,10,1.15966,0,9.5,0.74299,0,9,0.457278,0,7.5,0.154318,0,7.5,1.46406,0,9,0.603027,0,12.1667,0,0,0,0,0,0,0,0,0,0,0,0,0,0,0,0,0,0
0.447214,0.894427,0,4.49108,-0.0909166,0,22.5,0.319865,0,28.5,0,0,0,0,0,0,0,0,0,0,0,0,0,0,0,0,0,0,0,0,0,0,0,0,0,0,0,0,0,0,0,0,0,0,0,0,0,0,0
0.955779,0.294086,0,1.78516,1.22885,0,8,0.537392,0,8,0.235958,0,7.66667,-1.30566,0,9.16667,0.789819,0,11,1.37428,0,11,0.593955,0,11,1.02183,0,11.8333,-0.176466,0,13.8333,0.889985,0,15,0.794744,0,11.5,-0.0889998,0,16.3333,-0.0248695,0,13.6667,0,0,0,0,0,0
0.561649,0.827376,0,3.24527,0.13273,0,17.5,0.100037,0,11,1.37516,0,8.5,0.204541,0,6,0.393148,0,8,0.965624,0,15,0,0,0,0,0,0,0,0,0,0,0,0,0,0,0,0,0,0,0,0,0,0,0,0,0,0,0
-0.155963,0.987763,0,1.99325,-0.516457,0,11.1667,0.00593016,0,10.6667,2.18684,0,7.66667,-0.507099,0,4,-1.00407,0,4,-0.321751,0,5,0,0,6,-0.348771,0,5,-0.634023,0,6,0,0,0,0,0,0,0,0,0,0,0,0,0,0,0,0,0,0
0.582688,0.812696,0,4.72254,0.0845289,0,22.5,0.222404,0,31.5,0,0,0,0,0,0,0,0,0,0,0,0,0,0,0,0,0,0,0,0,0,0,0,0,0,0,0,0,0,0,0,0,0,0,0,0,0,0,0
0.997104,-0.0760503,0,2.44651,1.20617,0,9.5,0.440751,0,8,0.362544,0,7.5,-0.0261409,0,8.5,-1.25612,0,7.5,0.824768,0,5,0.5586,0,4,0.870301,0,7,0.185102,0,16.5,0,0,0,0,0,0,0,0,0,0,0,0,0,0,0,0,0,0
0.640446,0.768003,0,4.19022,0.311329,0,24,0.0462957,0,49.5,0,0,0,0,0,0,0,0,0,0,0,0,0,0,0,0,0,0,0,0,0,0,0,0,0,0,0,0,0,0,0,0,0,0,0,0,0,0,0
0.514496,0.857493,0,2.44599,0.785398,0,10,-0.0979002,0,14,0.0425916,0,27,0,0,0,0,0,0,0,0,0,0,0,0,0,0,0,0,0,0,0,0,0,0,0,0,0,0,0,0,0,0,0,0,0,0,0,0
-0.5547,0.83205,0,2.9463,-0.676659,0,11,-0.49669,0,11,0.00447518,0,17,-0.529034,0,23,-1.00215,0,17,-0.712248,0,11,-0.565976,0,11,-0.935211,0,9.5,0.245873,0,8.5,-0.38777,0,9,-0.132251,0,10,0,0,0,0,0,0,0,0,0,0,0,0
-0.999568,-0.029399,0,2.18524,-0.310883,0,24,-1.50188,0,22,-0.38972,0,12.5,0.297776,0,15,0.802578,0,12.5,0.136958,0,12,1.21725,0,21,0,0,0,0,0,0,0,0,0,0,0,0,0,0,0,0,0,0,0,0,0,0,0,0
0.71675,-0.69733,0,2.99398,0.631742,0,9,0.399425,0,10,0.469182,0,14,0.810378,0,10,0.984776,0,15,-1.77679,0,15.5,-0.204464,0,11,0.751999,0,15,1.64352,0,13,0.422162,0,16.5,0,0,0,0,0,0,0,0,0,0,0,0,0,0,0
0,1,0,2.16322,-0.226799,0,10.6667,-0.659321,0,8.66667,1.09721,0,8,0.193799,0,8.5,0.89417,0,9,0.987799,0,8.5,0.234482,0,8,0.543478,0,8,1.06522,0,8,0.592879,0,8.66667,0,0,0,0,0,0,0,0,0,0,0,0,0,0,0
0.104685,0.994505,0,1.95967,-0.235739,0,6.83333,-0.50436,0,9.33333,0.640958,0,10,-0.517636,0,11,0.461343,0,18,1.3766,0,9.83333,-1.24065,0,16.5,0,0,0,0,0,0,0,0,0,0,0,0,0,0,0,0,0,0,0,0,0,0,0,0
0.358979,0.933346,0,1.3142,0.273697,0,5.83333,-0.311415,0,7.83333,0.159913,0,9,0.597969,0,7.5,1.23393,0,6,1.43031,0,4,-1.09767,0,4,0.926585,0,6,0.295441,0,5,0.197396,0,4.5,1.17601,0,5,0.284134,0,5.83333,0,0,0,0,0,0,0,0,0
-0.549748,0.835331,0,1.77141,-0.924126,0,13,-0.389852,0,9,0.70018,0,8,0.0317359,0,7,0.93577,0,8,0.596584,0,10.5,0.408865,0,16.5,-0.462941,0,20,0.387426,0,36,0,0,0,0,0,0,0,0,0,0,0,0,0,0,0,0,0,0
0.646977,0.762509,0,2.86626,0.239966,0,6.5,0.463648,0,6,0,0,11.5,0.0227252,0,25.5,0,0,0,0,0,0,0,0,0,0,0,0,0,0,0,0,0,0,0,0,0,0,0,0,0,0,0,0,0,0,0,0,0
-0.884671,-0.466215,0,5.03559,-0.485007,0,19,-0.257324,0,8,-1.26089,0,7,0.0118503,0,16.5,-0.655238,0,40.5,0,0,0,0,0,0,0,0,0,0,0,0,0,0,0,0,0,0,0,0,0,0,0,0,0,0,0,0,0,0
-0.900159,-0.435561,0,1.58098,-0.200537,0,8.83333,-1.51827,0,13.3333,-0.103691,0,21,2.60032,0,9.33333,-1.09371,0,7,1.19978,0,8,0.699893,0,6,1.0637,0,4,0.828849,0,6,0.463648,0,8,0.97861,0,7,0,0,0,0,0,0,0,0,0,0,0,0
0.330121,0.943939,0,2.6262,0.073305,0,10.6667,-0.12242,0,12.6667,-0.0781006,0,21,1.91925,0,8.66667,0.11519,0,10.5,-1.66146,0,12,-0.400008,0,13.5,0,0,0,0,0,0,0,0,0,0,0,0,0,0,0,0,0,0,0,0,0,0,0,0
0.0201979,0.999796,0,2.15229,0.0201977,0,12,-0.632749,0,7,0.573993,0,8,-0.186223,0,9,1.81578,0,8,0.692642,0,10.5,0,0,0,0,0,0,0,0,0,0,0,0,0,0,0,0,0,0,0,0,0,0,0,0,0,0,0
0.641072,0.767481,0,3.58719,0.341189,0,17,0.442795,0,11.5,1.02761,0,11,0.60218,0,6,-0.284145,0,6,0.137067,0,9,1.31515,0,18,0,0,0,0,0,0,0,0,0,0,0,0,0,0,0,0,0,0,0,0,0,0,0,0
0.184288,0.982872,0,2.9956,0.287184,0,6.5,-0.701887,0,6,-1.21985,0,11,1.76336,0,5.5,-0.31063,0,7.5,1.52191,0,5,0.707521,0,4.5,-0.50255,0,5,-1.3597,0,8,-0.121352,0,16.5,0,0,0,0,0,0,0,0,0,0,0,0,0,0,0
0.124035,0.992278,0,2.31357,-0.158953,0,9.5,-0.762693,0,7.5,0.941123,0,9.5,-0.344882,0,21,1.8407,0,7.5,0.196427,0,8,-2.03364,0,16.5,0,0,0,0,0,0,0,0,0,0,0,0,0,0,0,0,0,0,0,0,0,0,0,0
0.0766963,0.997055,0,2.01375,0.0896153,0,19.5,0.193992,0,19.5,1.18316,0,9.5,1.14931,0,15,0.897063,0,27.5,1.4643,0,32.5,0,0,0,0,0,0,0,0,0,0,0,0,0,0,0,0,0,0,0,0,0,0,0,0,0,0,0
-0.316228,0.948683,0,2.20576,-0.776224,0,13.5,0.0943605,0,17,1.14839,0,18,1.11345,0,28.5,-0.585482,0,10.6667,-0.173541,0,9.66667,0.846314,0,8,0.951919,0,13,1.83802,0,13.5,0.170281,0,9,0.964614,0,10.1667,0,0,0,0,0,0,0,0,0,0,0,0
0.936329,-0.351123,0,2.58715,0.397213,0,9.5,1.29799,0,10,0.911103,0,10,0.162663,0,8.5,-0.263976,0,7,-0.111778,0,6.5,-0.50209,0,8,-0.746955,0,10.5,-1.02593,0,16.5,0,0,0,0,0,0,0,0,0,0,0,0,0,0,0,0,0,0
0.547026,0.837116,0,3.99813,-0.76519,0,19,0.918957,0,16,0.348268,0,14.5,1.79465,0,13,-0.453616,0,10,0.379059,0,8.5,1.37392,0,9,-0.442374,0,12,0,0,0,0,0,0,0,0,0,0,0,0,0,0,0,0,0,0,0,0,0
-0.998812,-0.0487225,0,2.05061,-0.552908,0,10.6667,-1.18798,0,9.16667,-0.123626,0,5,0.103082,0,7.5,0.293435,0,10,0.55466,0,11,1.09569,0,18,-0.275506,0,11,-0.872955,0,10.8333,1.58789,0,13,1.68567,0,9,0.540419,0,5,1.17714,0,6.83333,0,0,0,0,0,0
0.447214,0.894427,0,2.22652,0.0149307,0,11.6667,-0.0888642,0,13.6667,0.0870107,0,18,1.95747,0,13.1667,-1.91565,0,16.5,0,0,0,0,0,0,0,0,0,0,0,0,0,0,0,0,0,0,0,0,0,0,0,0,0,0,0,0,0,0
-0.354655,0.934997,0,2.88239,-0.38295,0,7.83333,-0.777833,0,14.3333,0.855445,0,27,1.60586,0,8.83333,0.0447914,0,9.5,-0.485837,0,12,-0.758378,0,8.5,-0.358771,0,10.5,-0.549296,0,24,0,0,0,0,0,0,0,0,0,0,0,0,0,0,0,0,0,0
-0.707107,0.707107,0,3.3665,-1.42986,0,12.75,0.290564,0,8,0.15391,0,11,1.37829,0,14,1.05131,0,11.5,0.482643,0,13.5,-1.38894,0,10.75,0.492468,0,6.5,0.425543,0,9,0.752004,0,11,1.86332,0,13,0.516389,0,15.25,0,0,0,0,0,0,0,0,0
-0.0568186,0.998385,0,3.14302,-0.0568489,0,18.5,-0.0215817,0,34.5,0,0,0,0,0,0,0,0,0,0,0,0,0,0,0,0,0,0,0,0,0,0,0,0,0,0,0,0,0,0,0,0,0,0,0,0,0,0,0
0.609026,0.79315,0,2.80328,0.566689,0,13.8333,-0.614495,0,9.83333,0.758137,0,9,1.2885,0,8,0.102442,0,9,0.815209,0,11,0.0945457,0,8.5,0.890275,0,5,1.42247,0,4,0.0434508,0,4,0.0964739,0,7.33333,0,0,0,0,0,0,0,0,0,0,0,0
0.146549,0.989203,0,1.7739,0.112609,0,7.25,-1.83725,0,6.25,0.57583,0,7.5,1.09849,0,6.25,0.0693851,0,4.83333,-0.474279,0,9.33333,2.07,0,8.83333,0.213739,0,19.5,0.0176663,0,6.75,-0.128323,0,9,0,0,0,0,0,0,0,0,0,0,0,0,0,0,0
-0.793204,0.608956,0,5.04103,-1.76648,0,25.5,0.23601,0,17,0.710932,0,17,1.60126,0,14.5,0.658426,0,18,-0.434478,0,68,0,0,0,0,0,0,0,0,0,0,0,0,0,0,0,0,0,0,0,0,0,0,0,0,0,0,0
-0.880471,-0.4741,0,0.797349,0.587572,0,5,-0.957158,0,6,-0.781214,0,9,0.193212,0,12,-1.97569,0,13,-0.593016,0,21,-2.0731,0,6.5,0.0125538,0,7,0.663061,0,8.5,1.45073,0,10,0.120066,0,12,1.30099,0,14,0.789741,0,10,0,0,0,0,0,0
0.567867,0.82312,0,2.7834,-0.248054,0,13.5,0.348991,0,10,0.276177,0,9,0.485569,0,11,1.29075,0,9.5,-0.223705,0,5,0.448472,0,7,0.979779,0,13.5,0,0,0,0,0,0,0,0,0,0,0,0,0,0,0,0,0,0,0,0,0
-0.425797,-0.904819,0,1.4174,-1.13095,0,6,1.32582,0,6,0.386876,0,5.5,0.465203,0,7.83333,1.02132,0,7.33333,0.72777,0,3,0.000345267,0,3,0.785398,0,4,1.5708,0,3.5,0.244978,0,3,0.998991,0,6.83333,0,0,0,0,0,0,0,0,0,0,0,0
0.50702,0.861934,0,2.32567,0.325188,0,11.6667,-0.360193,0,10.6667,0.335013,0,10,1.55151,0,9,0.609773,0,8,1.12137,0,5.5,-1.28274,0,3.5,1.02463,0,4,0.348771,0,5,1.3734,0,6,0.0672946,0,8.66667,0,0,0,0,0,0,0,0,0,0,0,0
0.704822,0.709384,0,4.35901,-1.09078,0,14.3333,1.46912,0,21,0.0820834,0,11.3333,-0.318337,0,7.33333,-0.0282031,0,9.33333,0.599433,0,12,1.35237,0,10,0.603851,0,8,1.07437,0,7.5,0.551921,0,7,0.776515,0,6.83333,0,0,0,0,0,0,0,0,0,0,0,0
-0.532141,0.846656,0,3.54781,-0.571765,0,16,-0.714228,0,11,0.724866,0,7.66667,0,0,14.6667,1.74639,0,20.6667,-0.269654,0,24,1.66486,0,32,1.93478,0,24,0,0,0,0,0,0,0,0,0,0,0,0,0,0,0,0,0,0,0,0,0
0.970728,-0.24018,0,3.93222,0.798045,0,10.5,0.197658,0,10,1.06262,0,7,0.32175,0,4,0.945311,0,4.66667,-1.6227,0,7.66667,-0.211093,0,10,0.785397,0,7.5,0.811709,0,5,0.295441,0,8.5,0.435683,0,18,-0.270535,0,5.16667,-0.0602728,0,7.5,0,0,0,0,0,0
0.651629,-0.758537,0,2.69461,-0.884014,0,11.6667,-0.875837,0,12.6667,0.526268,0,14,1.79971,0,13.5,1.11736,0,13,0.953701,0,12.1667,-1.57872,0,10.5,0.522061,0,9,0.627864,0,11.5,1.96113,0,21,0,0,0,0,0,0,0,0,0,0,0,0,0,0,0
-0.866386,0.499375,0,2.43214,-0.694929,0,9,-0.0704338,0,10,-0.248086,0,14,-0.0968882,0,27,0,0,0,0,0,0,0,0,0,0,0,0,0,0,0,0,0,0,0,0,0,0,0,0,0,0,0,0,0,0,0,0,0
-0.592076,-0.805882,0,5.08656,-0.731768,0,16,-0.135989,0,9,-1.08416,0,11,-0.76092,0,17,-0.367583,0,34.5,0,0,0,0,0,0,0,0,0,0,0,0,0,0,0,0,0,0,0,0,0,0,0,0,0,0,0,0,0,0
0.995197,0.0978883,0,2.95141,0.146933,0,6.5,0.623561,0,4,0.611597,0,3.5,0.181319,0,3,1.13137,0,4,0.473126,0,5,0.0730408,0,7.5,-2.20482,0,10,-0.348771,0,6.33333,-0.876058,0,3.83333,-0.161895,0,7.5,1.57837,0,5.33333,0,0,0,0,0,0,0,0,0
0.523458,0.852052,0,3.22703,0.0945558,0,18.5,0.347687,0,12,0,0,0,0,0,0,0,0,0,0,0,0,0,0,0,0,0,0,0,0,0,0,0,0,0,0,0,0,0,0,0,0,0,0,0,0,0,0,0
0.242536,0.970143,0,3.60437,0.489957,0,15.5,-0.244978,0,36,0,0,0,0,0,0,0,0,0,0,0,0,0,0,0,0,0,0,0,0,0,0,0,0,0,0,0,0,0,0,0,0,0,0,0,0,0,0,0
-0.514545,0.857464,0,5.39646,-1.04241,0,19.5,-0.149375,0,20,-0.131887,0,27,-1.19951,0,21,-0.82275,0,19,-0.675798,0,16.5,-0.250144,0,10,-0.490891,0,16,-0.214947,0,24,0,0,0,0,0,0,0,0,0,0,0,0,0,0,0,0,0,0
-0.97185,-0.2356,0,2.84525,-0.49516,0,9,-1.22281,0,9,-0.0906602,0,11.5,0.319387,0,17,0.33169,0,13,0.396652,0,9.5,0.715219,0,15,-0.261547,0,15.5,-0.573034,0,17,-0.56753,0,22.5,0,0,0,0,0,0,0,0,0,0,0,0,0,0,0
-0.533859,-0.845573,0,4.97087,-1.09582,0,15,-1.32996,0,6,-0.0882219,0,7,-0.470917,0,8,-0.502459,0,11,0.395342,0,21,0,0,0,0,0,0,0,0,0,0,0,0,0,0,0,0,0,0,0,0,0,0,0,0,0,0,0
0.378245,0.925705,0,2.37673,0.277243,0,8.66667,-0.586733,0,7.66667,0.464264,0,15,1.89458,0,4.66667,-0.0906595,0,4,0.165149,0,6,-1.73594,0,7.5,-0.488853,0,10.5,2.23432,0,10,0,0,0,0,0,0,0,0,0,0,0,0,0,0,0,0,0,0
0.776114,-0.630593,0,2.92172,0.318337,0,6,0.363979,0,6,0,0,6,0.191184,0,6.5,0.538715,0,7,0.622228,0,9.5,1.24905,0,8,0.189691,0,7,-1.71688,0,10,-0.485983,0,12,-0.440924,0,21,0,0,0,0,0,0,0,0,0,0,0,0
0.220261,-0.975441,0,7.28441,0.984736,0,11.5,0.55668,0,9,0.33469,0,10,1.01484,0,11,0.732177,0,10,-0.0657088,0,9.83333,-1.18437,0,12.3333,1.80488,0,21,0.430317,0,12.3333,-0.769597,0,21,0,0,0,0,0,0,0,0,0,0,0,0,0,0,0
0.575493,-0.817806,0,2.74129,0.604599,0,6.5,0.211093,0,4,0.19844,0,6,0.545233,0,8,0.183623,0,7.5,0.270947,0,7,1.25821,0,11,-0.988734,0,15,-0.375271,0,11.5,0.113151,0,7,1.2925,0,9.5,0.998207,0,19.5,0,0,0,0,0,0,0,0,0
-0.477331,0.878723,0,3.47912,-0.360549,0,16.5,-0.162377,0,21,0,0,0,0,0,0,0,0,0,0,0,0,0,0,0,0,0,0,0,0,0,0,0,0,0,0,0,0,0,0,0,0,0,0,0,0,0,0,0
0.926739,-0.375705,0,3.26761,0.475817,0,10,0.694738,0,7,0.321751,0,6,0.818353,0,6,0.775695,0,6,0.179407,0,8,-1.78495,0,15,-0.990778,0,8.5,0.0122266,0,10.5,0,0,0,0,0,0,0,0,0,0,0,0,0,0,0,0,0,0
-0.316228,0.948683,0,1.9052,-0.32175,0,14.5,-0.265207,0,30,0,0,0,0,0,0,0,0,0,0,0,0,0,0,0,0,0,0,0,0,0,0,0,0,0,0,0,0,0,0,0,0,0,0,0,0,0,0,0
0.60745,0.794358,0,2.99185,0.255767,0,10.5,-0.537209,0,8.5,0.635789,0,9,0.202026,0,9,1.74031,0,9,0.65686,0,7.5,-0.376909,0,7,1.12285,0,8,1.22265,0,7,0.245707,0,7,0,0,0,0,0,0,0,0,0,0,0,0,0,0,0
0.965005,0.26223,0,3.4557,-0.0187785,0,15.5,-0.0673309,0,22.5,1.29697,0,13.5,-0.584412,0,11,0.3243,0,9,-0.00783538,0,8.5,0.362544,0,10,0.909753,0,10,0.592186,0,15,0,0,0,0,0,0,0,0,0,0,0,0,0,0,0,0,0,0
0.505685,0.862718,0,3.32584,-0.238274,0,16,0.180448,0,8,0.390607,0,10,1.93334,0,8,-0.0085554,0,4.5,-0.543477,0,8,1.01439,0,16.5,0,0,0,0,0,0,0,0,0,0,0,0,0,0,0,0,0,0,0,0,0,0,0,0
0.173785,0.984784,0,1.38549,-0.096275,0,7.5,-1.2564,0,9,1.20559,0,9,1.89255,0,5,-0.244978,0,4,-1.01777,0,4.5,-0.801994,0,7.5,0,0,0,0,0,0,0,0,0,0,0,0,0,0,0,0,0,0,0,0,0,0,0,0
0.413803,0.910366,0,1.67622,-0.0957765,0,6,0.0203125,0,9.5,0.100862,0,19.5,1.68679,0,5.5,0.0462995,0,9,-1.95153,0,10,0.18776,0,10.5,0,0,0,0,0,0,0,0,0,0,0,0,0,0,0,0,0,0,0,0,0,0,0,0
0.0468236,0.998903,0,2.64772,0.422573,0,9.33333,-0.341558,0,9.33333,-0.0341726,0,6,0.252554,0,9.66667,-0.521164,0,22.6667,2.39953,0,11.6667,0.358627,0,10,0.548644,0,10,-1.50396,0,11,3.04984,0,8,0.244585,0,9.33333,0,0,0,0,0,0,0,0,0,0,0,0
0.467888,0.883788,0,4.47151,-0.702847,0,13.5,-2.1386,0,11.5,-0.746496,0,9,-0.637549,0,11,-1.99684,0,11.6667,-0.904577,0,13.1667,0.863012,0,17,1.54237,0,11.5,0.56047,0,6,1.13123,0,10.5,-0.351507,0,15,1.78621,0,12.1667,0,0,0,0,0,0,0,0,0
0.483487,0.875351,0,4.92059,0.215825,0,22.5,0.0411578,0,31.5,0,0,0,0,0,0,0,0,0,0,0,0,0,0,0,0,0,0,0,0,0,0,0,0,0,0,0,0,0,0,0,0,0,0,0,0,0,0,0
0.974391,-0.22486,0,2.49004,0.471778,0,7,0.103792,0,4,1.13137,0,4,0.0906595,0,4,0.996491,0,4,0.471862,0,6,-1.7901,0,5,-0.927295,0,7.5,-0.249586,0,19.5,0,0,0,0,0,0,0,0,0,0,0,0,0,0,0,0,0,0
-0.974391,-0.22486,0,0.671556,-1.69793,0,5.5,-0.995724,0,5,-0.32597,0,4,0.114876,0,3.16667,-1.38545,0,8.66667,2.31274,0,5.16667,-1.12882,0,10.5,0,0,0,0,0,0,0,0,0,0,0,0,0,0,0,0,0,0,0,0,0,0,0,0
0.579325,0.815097,0,2.96705,0.211064,0,13.3333,-0.0524298,0,10.3333,0.0737723,0,10,0.630473,0,7.5,1.35145,0,7.5,-0.30219,0,7.83333,-0.0451956,0,8,-1.44644,0,8.5,-0.422854,0,9,0,0,0,0,0,0,0,0,0,0,0,0,0,0,0,0,0,0
0.723738,0.690075,0,3.10327,0.110543,0,8.5,0.446106,0,9,0.598109,0,6.5,1.22524,0,4,0.0934764,0,6,-1.53457,0,8,-0.59335,0,10.5,-0.875045,0,19.5,0,0,0,0,0,0,0,0,0,0,0,0,0,0,0,0,0,0,0,0,0
-0.699318,-0.714811,0,5.73329,-0.568899,0,24,-1.36216,0,11.5,-0.573162,0,6,-0.29426,0,10,-0.0692069,0,14,-0.274661,0,11.5,0.114152,0,13.5,0,0,0,0,0,0,0,0,0,0,0,0,0,0,0,0,0,0,0,0,0,0,0,0
0.120331,0.992734,0,2.75755,-0.145628,0,12,-0.339293,0,8,0.360566,0,11,1.81578,0,21,0,0,0,0,0,0,0,0,0,0,0,0,0,0,0,0,0,0,0,0,0,0,0,0,0,0,0,0,0,0,0,0,0
